    Energy    <xanes>    
   7072.00  3.3263863E-03
   7072.50  3.3662871E-03
   7073.00  3.4071020E-03
   7073.50  3.4488627E-03
   7074.00  3.4916021E-03
   7074.50  3.5353548E-03
   7075.00  3.5801570E-03
   7075.50  3.6260466E-03
   7076.00  3.6730632E-03
   7076.50  3.7212487E-03
   7077.00  3.7706468E-03
   7077.50  3.8213033E-03
   7078.00  3.8732666E-03
   7078.50  3.9265875E-03
   7079.00  3.9813192E-03
   7079.50  4.0375182E-03
   7080.00  4.0952434E-03
   7080.50  4.1545574E-03
   7081.00  4.2155260E-03
   7081.50  4.2782186E-03
   7082.00  4.3427087E-03
   7082.50  4.4090737E-03
   7083.00  4.4773958E-03
   7083.50  4.5477617E-03
   7084.00  4.6202635E-03
   7084.50  4.6949988E-03
   7085.00  4.7720711E-03
   7085.50  4.8515903E-03
   7086.00  4.9336734E-03
   7086.50  5.0184446E-03
   7087.00  5.1060365E-03
   7087.50  5.1965903E-03
   7088.00  5.2902565E-03
   7088.50  5.3871962E-03
   7089.00  5.4875814E-03
   7089.50  5.5915963E-03
   7090.00  5.6994384E-03
   7090.50  5.8113195E-03
   7091.00  5.9274671E-03
   7091.50  6.0481261E-03
   7092.00  6.1735600E-03
   7092.50  6.3040532E-03
   7093.00  6.4399126E-03
   7093.50  6.5814705E-03
   7094.00  6.7290864E-03
   7094.50  6.8831507E-03
   7095.00  7.0440876E-03
   7095.50  7.2123588E-03
   7096.00  7.3884679E-03
   7096.50  7.5729651E-03
   7097.00  7.7664529E-03
   7097.50  7.9695922E-03
   7098.00  8.1831100E-03
   7098.50  8.4078072E-03
   7099.00  8.6445690E-03
   7099.50  8.8943760E-03
   7100.00  9.1583175E-03
   7100.50  9.4376075E-03
   7101.00  9.7336028E-03
   7101.50  1.0047826E-02
   7102.00  1.0381991E-02
   7102.50  1.0738037E-02
   7103.00  1.1118166E-02
   7103.50  1.1524893E-02
   7104.00  1.1961108E-02
   7104.50  1.2430151E-02
   7105.00  1.2935915E-02
   7105.50  1.3482981E-02
   7106.00  1.4076796E-02
   7106.50  1.4723933E-02
   7107.00  1.5432465E-02
   7107.10  1.5582387E-02
   7107.20  1.5735255E-02
   7107.30  1.5891167E-02
   7107.40  1.6050227E-02
   7107.50  1.6212546E-02
   7107.60  1.6378240E-02
   7107.70  1.6547433E-02
   7107.80  1.6720256E-02
   7107.90  1.6896850E-02
   7108.00  1.7077365E-02
   7108.10  1.7261961E-02
   7108.20  1.7450812E-02
   7108.30  1.7644103E-02
   7108.40  1.7842037E-02
   7108.50  1.8044830E-02
   7108.60  1.8252720E-02
   7108.70  1.8465967E-02
   7108.80  1.8684856E-02
   7108.90  1.8909698E-02
   7109.00  1.9140841E-02
   7109.10  1.9378671E-02
   7109.20  1.9623618E-02
   7109.30  1.9876165E-02
   7109.40  2.0136861E-02
   7109.50  2.0406327E-02
   7109.60  2.0685273E-02
   7109.70  2.0974521E-02
   7109.80  2.1275020E-02
   7109.90  2.1587880E-02
   7110.00  2.1914409E-02
   7110.10  2.2256154E-02
   7110.20  2.2614967E-02
   7110.30  2.2993073E-02
   7110.40  2.3393175E-02
   7110.50  2.3818568E-02
   7110.60  2.4273304E-02
   7110.70  2.4762380E-02
   7110.80  2.5291976E-02
   7110.90  2.5869728E-02
   7111.00  2.6504989E-02
   7111.10  2.7209012E-02
   7111.20  2.7994838E-02
   7111.30  2.8876495E-02
   7111.40  2.9866796E-02
   7111.50  3.0972715E-02
   7111.60  3.2187498E-02
   7111.70  3.3480341E-02
   7111.80  3.4788509E-02
   7111.90  3.6020932E-02
   7112.00  3.7080552E-02
   7112.10  3.7890131E-02
   7112.20  3.8416020E-02
   7112.30  3.8673755E-02
   7112.40  3.8718129E-02
   7112.50  3.8626267E-02
   7112.60  3.8479470E-02
   7112.70  3.8348146E-02
   7112.80  3.8283242E-02
   7112.90  3.8314995E-02
   7113.00  3.8456820E-02
   7113.10  3.8711023E-02
   7113.20  3.9073919E-02
   7113.30  3.9539431E-02
   7113.40  4.0101218E-02
   7113.50  4.0753773E-02
   7113.60  4.1492881E-02
   7113.70  4.2315754E-02
   7113.80  4.3221006E-02
   7113.90  4.4208565E-02
   7114.00  4.5279590E-02
   7114.10  4.6436391E-02
   7114.20  4.7682389E-02
   7114.30  4.9022094E-02
   7114.40  5.0461113E-02
   7114.50  5.2006191E-02
   7114.60  5.3665266E-02
   7114.70  5.5447552E-02
   7114.80  5.7363640E-02
   7114.90  5.9425602E-02
   7115.00  6.1647119E-02
   7115.10  6.4043601E-02
   7115.20  6.6632314E-02
   7115.30  6.9432510E-02
   7115.40  7.2465543E-02
   7115.50  7.5754952E-02
   7115.60  7.9326536E-02
   7115.70  8.3208429E-02
   7115.80  8.7431248E-02
   7115.90  9.2028389E-02
   7116.00  9.7036504E-02
   7116.10  1.0249609E-01
   7116.20  1.0845191E-01
   7116.30  1.1495280E-01
   7116.40  1.2205020E-01
   7116.50  1.2979481E-01
   7116.60  1.3823111E-01
   7116.70  1.4738965E-01
   7116.80  1.5727756E-01
   7116.90  1.6786796E-01
   7117.00  1.7909037E-01
   7117.20  2.0290921E-01
   7117.40  2.2735515E-01
   7117.60  2.5109251E-01
   7117.80  2.7360663E-01
   7118.00  2.9518272E-01
   7118.20  3.1616211E-01
   7118.40  3.3639761E-01
   7118.60  3.5545459E-01
   7118.80  3.7328368E-01
   7119.00  3.9071991E-01
   7119.20  4.0936562E-01
   7119.40  4.3095233E-01
   7119.60  4.5669853E-01
   7119.80  4.8706438E-01
   7120.00  5.2192111E-01
   7120.20  5.6088107E-01
   7120.40  6.0345002E-01
   7120.60  6.4890144E-01
   7120.80  6.9617463E-01
   7121.00  7.4413363E-01
   7121.20  7.9207309E-01
   7121.40  8.4001121E-01
   7121.60  8.8852111E-01
   7121.80  9.3824163E-01
   7122.00  9.8934594E-01
   7122.20  1.0412369E+00
   7122.40  1.0926614E+00
   7122.60  1.1422030E+00
   7122.80  1.1888071E+00
   7123.00  1.2319587E+00
   7123.20  1.2714891E+00
   7123.40  1.3073375E+00
   7123.60  1.3395034E+00
   7123.80  1.3680978E+00
   7124.00  1.3932854E+00
   7124.20  1.4150811E+00
   7124.40  1.4331549E+00
   7124.60  1.4467939E+00
   7124.80  1.4550255E+00
   7125.00  1.4568160E+00
   7125.20  1.4512820E+00
   7125.40  1.4378907E+00
   7125.60  1.4166098E+00
   7125.80  1.3879572E+00
   7126.00  1.3529306E+00
   7126.20  1.3128566E+00
   7126.40  1.2692129E+00
   7126.60  1.2234723E+00
   7126.80  1.1769890E+00
   7127.00  1.1309297E+00
   7127.20  1.0862440E+00
   7127.40  1.0436604E+00
   7127.60  1.0036962E+00
   7127.80  9.6667541E-01
   7128.00  9.3274748E-01
   7128.20  9.0190983E-01
   7128.40  8.7403343E-01
   7128.60  8.4889338E-01
   7128.80  8.2620382E-01
   7129.00  8.0565442E-01
   7129.20  7.8694423E-01
   7129.40  7.6980844E-01
   7129.60  7.5403490E-01
   7129.80  7.3946923E-01
   7130.00  7.2601027E-01
   7130.20  7.1359883E-01
   7130.40  7.0220354E-01
   7130.60  6.9180710E-01
   7130.80  6.8239503E-01
   7131.00  6.7394782E-01
   7131.20  6.6643661E-01
   7131.40  6.5982162E-01
   7131.60  6.5405271E-01
   7131.80  6.4907114E-01
   7132.00  6.4481196E-01
   7133.00  6.3193964E-01
   7134.00  6.2741388E-01
   7135.00  6.2560001E-01
   7136.00  6.2295402E-01
   7137.00  6.1720507E-01
   7138.00  6.0782127E-01
   7139.00  5.9640205E-01
   7140.00  5.8570824E-01
   7141.00  5.7807182E-01
   7142.00  5.7457242E-01
   7143.00  5.7515698E-01
   7144.00  5.7916086E-01
   7145.00  5.8583171E-01
   7146.00  5.9466969E-01
   7147.00  6.0550122E-01
   7148.00  6.1832963E-01
   7149.00  6.3307991E-01
   7150.00  6.4936555E-01
   7151.00  6.6641646E-01
   7152.00  6.8325270E-01
   7153.00  6.9901852E-01
   7154.00  7.1324817E-01
   7155.00  7.2590035E-01
   7156.00  7.3720995E-01
   7157.00  7.4751578E-01
   7158.00  7.5714860E-01
   7159.00  7.6636464E-01
   7160.00  7.7530634E-01
   7161.00  7.8400297E-01
   7162.00  7.9241026E-01
   7163.00  8.0044893E-01
   7164.00  8.0800299E-01
   7165.00  8.1488847E-01
   7166.00  8.2084393E-01
   7167.00  8.2557174E-01
   7168.00  8.2880184E-01
   7169.00  8.3033269E-01
   7170.00  8.3004319E-01
   7171.00  8.2790729E-01
   7172.00  8.2402789E-01
   7173.00  8.1866403E-01
   7174.00  8.1220964E-01
   7175.00  8.0511260E-01
   7176.00  7.9776838E-01
   7177.00  7.9044194E-01
   7178.00  7.8325258E-01
   7179.00  7.7621870E-01
   7180.00  7.6932752E-01
   7181.00  7.6258802E-01
   7182.00  7.5604376E-01
   7183.00  7.4975328E-01
   7184.00  7.4376540E-01
   7185.00  7.3811230E-01
   7186.00  7.3282191E-01
   7187.00  7.2793625E-01
   7188.00  7.2352163E-01
   7189.00  7.1966639E-01
   7190.00  7.1646921E-01
   7191.00  7.1402470E-01
   7192.00  7.1241311E-01
   7193.00  7.1169739E-01
   7194.00  7.1192547E-01
   7195.00  7.1313114E-01
   7196.00  7.1532822E-01
   7197.00  7.1849911E-01
   7198.00  7.2258373E-01
   7199.00  7.2747574E-01
   7200.00  7.3302829E-01
   7201.00  7.3906786E-01
   7202.00  7.4541268E-01
   7203.00  7.5189139E-01
   7204.00  7.5835685E-01
   7205.00  7.6469128E-01
   7206.00  7.7080286E-01
   7207.00  7.7661865E-01
   7208.00  7.8207944E-01
   7209.00  7.8713877E-01
   7210.00  7.9176442E-01
   7211.00  7.9594042E-01
   7212.00  7.9966800E-01
