    Energy    <xanes>    
   5949.00  1.1243636E-03
   5949.50  1.1377568E-03
   5950.00  1.1514506E-03
   5950.50  1.1654550E-03
   5951.00  1.1797808E-03
   5951.50  1.1944388E-03
   5952.00  1.2094408E-03
   5952.50  1.2247989E-03
   5953.00  1.2405256E-03
   5953.50  1.2566344E-03
   5954.00  1.2731392E-03
   5954.50  1.2900546E-03
   5955.00  1.3073960E-03
   5955.50  1.3251795E-03
   5956.00  1.3434220E-03
   5956.50  1.3621413E-03
   5957.00  1.3813563E-03
   5957.50  1.4010866E-03
   5958.00  1.4213530E-03
   5958.50  1.4421775E-03
   5959.00  1.4635832E-03
   5959.50  1.4855945E-03
   5960.00  1.5082372E-03
   5960.50  1.5315385E-03
   5961.00  1.5555273E-03
   5961.50  1.5802342E-03
   5962.00  1.6056915E-03
   5962.50  1.6319337E-03
   5963.00  1.6589971E-03
   5963.50  1.6869204E-03
   5964.00  1.7157450E-03
   5964.50  1.7455147E-03
   5965.00  1.7762761E-03
   5965.50  1.8080793E-03
   5966.00  1.8409773E-03
   5966.50  1.8750271E-03
   5967.00  1.9102896E-03
   5967.50  1.9468301E-03
   5968.00  1.9847185E-03
   5968.50  2.0240299E-03
   5969.00  2.0648453E-03
   5969.50  2.1072516E-03
   5970.00  2.1513426E-03
   5970.50  2.1972198E-03
   5971.00  2.2449927E-03
   5971.50  2.2947800E-03
   5972.00  2.3467104E-03
   5972.50  2.4009241E-03
   5973.00  2.4575733E-03
   5973.50  2.5168242E-03
   5974.00  2.5788586E-03
   5974.50  2.6438754E-03
   5975.00  2.7120929E-03
   5975.50  2.7837513E-03
   5976.00  2.8591155E-03
   5976.50  2.9384782E-03
   5977.00  3.0221639E-03
   5977.50  3.1105335E-03
   5978.00  3.2039891E-03
   5978.50  3.3029808E-03
   5979.00  3.4080134E-03
   5979.50  3.5196562E-03
   5980.00  3.6385529E-03
   5980.50  3.7654348E-03
   5981.00  3.9011370E-03
   5981.50  4.0466175E-03
   5982.00  4.2029820E-03
   5982.50  4.3715143E-03
   5983.00  4.5537154E-03
   5983.50  4.7513542E-03
   5984.00  4.9665327E-03
   5984.10  5.0118865E-03
   5984.20  5.0580636E-03
   5984.30  5.1050873E-03
   5984.40  5.1529820E-03
   5984.50  5.2017730E-03
   5984.60  5.2514866E-03
   5984.70  5.3021503E-03
   5984.80  5.3537927E-03
   5984.90  5.4064437E-03
   5985.00  5.4601343E-03
   5985.10  5.5148970E-03
   5985.20  5.5707658E-03
   5985.30  5.6277760E-03
   5985.40  5.6859648E-03
   5985.50  5.7453709E-03
   5985.60  5.8060348E-03
   5985.70  5.8679990E-03
   5985.80  5.9313079E-03
   5985.90  5.9960082E-03
   5986.00  6.0621487E-03
   5986.10  6.1297806E-03
   5986.20  6.1989577E-03
   5986.30  6.2697363E-03
   5986.40  6.3421758E-03
   5986.50  6.4163382E-03
   5986.60  6.4922888E-03
   5986.70  6.5700962E-03
   5986.80  6.6498322E-03
   5986.90  6.7315724E-03
   5987.00  6.8153959E-03
   5987.10  6.9013856E-03
   5987.20  6.9896286E-03
   5987.30  7.0802157E-03
   5987.40  7.1732418E-03
   5987.50  7.2688061E-03
   5987.60  7.3670116E-03
   5987.70  7.4679657E-03
   5987.80  7.5717794E-03
   5987.90  7.6785678E-03
   5988.00  7.7884498E-03
   5988.10  7.9015478E-03
   5988.20  8.0179877E-03
   5988.30  8.1378990E-03
   5988.40  8.2614149E-03
   5988.50  8.3886722E-03
   5988.60  8.5198119E-03
   5988.70  8.6549793E-03
   5988.80  8.7943250E-03
   5988.90  8.9380050E-03
   5989.00  9.0861815E-03
   5989.10  9.2392342E-03
   5989.20  9.3975577E-03
   5989.30  9.5613454E-03
   5989.40  9.7307949E-03
   5989.50  9.9061053E-03
   5989.60  1.0087474E-02
   5989.70  1.0275093E-02
   5989.80  1.0469144E-02
   5989.90  1.0669791E-02
   5990.00  1.0877178E-02
   5990.10  1.1091421E-02
   5990.20  1.1312601E-02
   5990.30  1.1540764E-02
   5990.40  1.1775917E-02
   5990.50  1.2018026E-02
   5990.60  1.2267025E-02
   5990.70  1.2522818E-02
   5990.80  1.2785297E-02
   5990.90  1.3054356E-02
   5991.00  1.3329916E-02
   5991.10  1.3611945E-02
   5991.20  1.3900488E-02
   5991.30  1.4195691E-02
   5991.40  1.4497824E-02
   5991.50  1.4807297E-02
   5991.60  1.5124672E-02
   5991.70  1.5450663E-02
   5991.80  1.5786129E-02
   5991.90  1.6132058E-02
   5992.00  1.6489545E-02
   5992.10  1.6859764E-02
   5992.20  1.7243934E-02
   5992.30  1.7643291E-02
   5992.40  1.8059051E-02
   5992.50  1.8492382E-02
   5992.60  1.8944377E-02
   5992.70  1.9416027E-02
   5992.80  1.9908200E-02
   5992.90  2.0421626E-02
   5993.00  2.0956881E-02
   5993.10  2.1514381E-02
   5993.20  2.2094371E-02
   5993.30  2.2696925E-02
   5993.40  2.3321953E-02
   5993.50  2.3969201E-02
   5993.60  2.4638266E-02
   5993.70  2.5328614E-02
   5993.80  2.6039589E-02
   5993.90  2.6770442E-02
   5994.00  2.7520345E-02
   5994.20  2.9073716E-02
   5994.40  3.0692195E-02
   5994.60  3.2367963E-02
   5994.80  3.4093080E-02
   5995.00  3.5859575E-02
   5995.20  3.7659559E-02
   5995.40  3.9485461E-02
   5995.60  4.1330409E-02
   5995.80  4.3188729E-02
   5996.00  4.5056516E-02
   5996.20  4.6932165E-02
   5996.40  4.8816776E-02
   5996.60  5.0714315E-02
   5996.80  5.2631491E-02
   5997.00  5.4577361E-02
   5997.20  5.6562734E-02
   5997.40  5.8599424E-02
   5997.60  6.0699349E-02
   5997.80  6.2873453E-02
   5998.00  6.5130412E-02
   5998.20  6.7475160E-02
   5998.40  6.9907339E-02
   5998.60  7.2419843E-02
   5998.80  7.4997678E-02
   5999.00  7.7617417E-02
   5999.20  8.0247509E-02
   5999.40  8.2849684E-02
   5999.60  8.5381544E-02
   5999.80  8.7800167E-02
   6000.00  9.0066283E-02
   6000.20  9.2148279E-02
   6000.40  9.4025277E-02
   6000.60  9.5688631E-02
   6000.80  9.7141623E-02
   6001.00  9.8397520E-02
   6001.20  9.9476513E-02
   6001.40  1.0040222E-01
   6001.60  1.0119831E-01
   6001.80  1.0188577E-01
   6002.00  1.0248090E-01
   6002.20  1.0299436E-01
   6002.40  1.0343095E-01
   6002.60  1.0379021E-01
   6002.80  1.0406757E-01
   6003.00  1.0425582E-01
   6003.20  1.0434675E-01
   6003.40  1.0433257E-01
   6003.60  1.0420717E-01
   6003.80  1.0396695E-01
   6004.00  1.0361121E-01
   6004.20  1.0314219E-01
   6004.40  1.0256485E-01
   6004.60  1.0188644E-01
   6004.80  1.0111594E-01
   6005.00  1.0026356E-01
   6005.20  9.9340260E-02
   6005.40  9.8357299E-02
   6005.60  9.7325901E-02
   6005.80  9.6256960E-02
   6006.00  9.5160825E-02
   6006.20  9.4047140E-02
   6006.40  9.2924745E-02
   6006.60  9.1801625E-02
   6006.80  9.0684913E-02
   6007.00  8.9580919E-02
   6007.20  8.8495187E-02
   6007.40  8.7432568E-02
   6007.60  8.6397301E-02
   6007.80  8.5393079E-02
   6008.00  8.4423120E-02
   6008.20  8.3490217E-02
   6008.40  8.2596771E-02
   6008.60  8.1744822E-02
   6008.80  8.0936054E-02
   6009.00  8.0171800E-02
   6010.00  7.7039915E-02
   6011.00  7.5017082E-02
   6012.00  7.3904757E-02
   6013.00  7.3413587E-02
   6014.00  7.3277422E-02
   6015.00  7.3325162E-02
   6016.00  7.3490330E-02
   6017.00  7.3774741E-02
   6018.00  7.4202855E-02
   6019.00  7.4794980E-02
   6020.00  7.5561446E-02
   6021.00  7.6506108E-02
   6022.00  7.7630787E-02
   6023.00  7.8937483E-02
   6024.00  8.0426313E-02
   6025.00  8.2088339E-02
   6026.00  8.3895317E-02
   6027.00  8.5790371E-02
   6028.00  8.7683585E-02
   6029.00  8.9455845E-02
   6030.00  9.0972837E-02
   6031.00  9.2107374E-02
   6032.00  9.2763210E-02
   6033.00  9.2892130E-02
   6034.00  9.2500281E-02
   6035.00  9.1644799E-02
   6036.00  9.0423228E-02
   6037.00  8.8957605E-02
   6038.00  8.7375876E-02
   6039.00  8.5794750E-02
   6040.00  8.4307805E-02
   6041.00  8.2980385E-02
   6042.00  8.1850386E-02
   6043.00  8.0932662E-02
   6044.00  8.0224633E-02
   6045.00  7.9711371E-02
   6046.00  7.9369500E-02
   6047.00  7.9170055E-02
   6048.00  7.9080862E-02
   6049.00  7.9068982E-02
   6050.00  7.9103487E-02
   6051.00  7.9158593E-02
   6052.00  7.9216818E-02
   6053.00  7.9271535E-02
   6054.00  7.9328133E-02
   6055.00  7.9403126E-02
   6056.00  7.9521077E-02
   6057.00  7.9709772E-02
   6058.00  7.9994501E-02
   6059.00  8.0392506E-02
   6060.00  8.0908572E-02
   6061.00  8.1532616E-02
   6062.00  8.2239816E-02
   6063.00  8.2993458E-02
   6064.00  8.3750039E-02
   6065.00  8.4465534E-02
   6066.00  8.5101268E-02
   6067.00  8.5627984E-02
   6068.00  8.6027490E-02
   6069.00  8.6292214E-02
   6070.00  8.6423676E-02
   6071.00  8.6430820E-02
   6072.00  8.6328687E-02
   6073.00  8.6137280E-02
   6074.00  8.5880255E-02
   6075.00  8.5583145E-02
   6076.00  8.5271154E-02
   6077.00  8.4966853E-02
   6078.00  8.4688269E-02
   6079.00  8.4447760E-02
   6080.00  8.4251875E-02
   6081.00  8.4102091E-02
   6082.00  8.3996122E-02
   6083.00  8.3929370E-02
   6084.00  8.3896162E-02
   6085.00  8.3890578E-02
   6086.00  8.3906858E-02
   6087.00  8.3939550E-02
   6088.00  8.3983597E-02
   6089.00  8.4034467E-02
