    Energy    <xanes>    
  11642.00  1.7901343E-04
  11642.50  1.8091744E-04
  11643.00  1.8286084E-04
  11643.50  1.8484489E-04
  11644.00  1.8687092E-04
  11644.50  1.8894031E-04
  11645.00  1.9105452E-04
  11645.50  1.9321505E-04
  11646.00  1.9542350E-04
  11646.50  1.9768153E-04
  11647.00  1.9999089E-04
  11647.50  2.0235340E-04
  11648.00  2.0477099E-04
  11648.50  2.0724568E-04
  11649.00  2.0977961E-04
  11649.50  2.1237499E-04
  11650.00  2.1503420E-04
  11650.50  2.1775971E-04
  11651.00  2.2055414E-04
  11651.50  2.2342028E-04
  11652.00  2.2636103E-04
  11652.50  2.2937950E-04
  11653.00  2.3247896E-04
  11653.50  2.3566290E-04
  11654.00  2.3893499E-04
  11654.50  2.4229918E-04
  11655.00  2.4575961E-04
  11655.50  2.4932074E-04
  11656.00  2.5298731E-04
  11656.50  2.5676437E-04
  11657.00  2.6065734E-04
  11657.50  2.6467201E-04
  11658.00  2.6881459E-04
  11658.50  2.7309176E-04
  11659.00  2.7751072E-04
  11659.50  2.8207919E-04
  11660.00  2.8680555E-04
  11660.50  2.9169885E-04
  11661.00  2.9676890E-04
  11661.50  3.0202636E-04
  11662.00  3.0748284E-04
  11662.50  3.1315101E-04
  11663.00  3.1904475E-04
  11663.50  3.2517927E-04
  11664.00  3.3157130E-04
  11664.50  3.3823934E-04
  11665.00  3.4520381E-04
  11665.50  3.5248743E-04
  11666.00  3.6011551E-04
  11666.50  3.6811634E-04
  11667.00  3.7652171E-04
  11667.50  3.8536745E-04
  11668.00  3.9469414E-04
  11668.50  4.0454793E-04
  11669.00  4.1498161E-04
  11669.50  4.2605583E-04
  11670.00  4.3784069E-04
  11670.50  4.5041764E-04
  11671.00  4.6388197E-04
  11671.50  4.7834584E-04
  11672.00  4.9394219E-04
  11672.50  5.1082973E-04
  11673.00  5.2919937E-04
  11673.50  5.4928255E-04
  11674.00  5.7136215E-04
  11674.50  5.9578677E-04
  11675.00  6.2298957E-04
  11675.50  6.5351309E-04
  11676.00  6.8804189E-04
  11676.50  7.2744499E-04
  11677.00  7.7282956E-04
  11677.10  7.8274221E-04
  11677.20  7.9296225E-04
  11677.30  8.0350325E-04
  11677.40  8.1437939E-04
  11677.50  8.2560554E-04
  11677.60  8.3719722E-04
  11677.70  8.4917066E-04
  11677.80  8.6154278E-04
  11677.90  8.7433123E-04
  11678.00  8.8755435E-04
  11678.10  9.0123118E-04
  11678.20  9.1538144E-04
  11678.30  9.3002553E-04
  11678.40  9.4518444E-04
  11678.50  9.6087972E-04
  11678.60  9.7713341E-04
  11678.70  9.9396793E-04
  11678.80  1.0114059E-03
  11678.90  1.0294702E-03
  11679.00  1.0481834E-03
  11679.10  1.0675680E-03
  11679.20  1.0876455E-03
  11679.30  1.1084369E-03
  11679.40  1.1299617E-03
  11679.50  1.1522374E-03
  11679.60  1.1752796E-03
  11679.70  1.1991005E-03
  11679.80  1.2237091E-03
  11679.90  1.2491097E-03
  11680.00  1.2753014E-03
  11680.10  1.3022773E-03
  11680.20  1.3300228E-03
  11680.30  1.3585154E-03
  11680.40  1.3877226E-03
  11680.50  1.4176017E-03
  11680.60  1.4480976E-03
  11680.70  1.4791425E-03
  11680.80  1.5106545E-03
  11680.90  1.5425366E-03
  11681.00  1.5746763E-03
  11681.10  1.6069452E-03
  11681.20  1.6391990E-03
  11681.30  1.6712782E-03
  11681.40  1.7030086E-03
  11681.50  1.7342038E-03
  11681.60  1.7646667E-03
  11681.70  1.7941928E-03
  11681.80  1.8225737E-03
  11681.90  1.8496011E-03
  11682.00  1.8750712E-03
  11682.10  1.8987856E-03
  11682.20  1.9205579E-03
  11682.30  1.9402245E-03
  11682.40  1.9576472E-03
  11682.50  1.9727168E-03
  11682.60  1.9853569E-03
  11682.70  1.9955263E-03
  11682.80  2.0032204E-03
  11682.90  2.0084712E-03
  11683.00  2.0113470E-03
  11683.10  2.0119495E-03
  11683.20  2.0104116E-03
  11683.30  2.0068930E-03
  11683.40  2.0015762E-03
  11683.50  1.9946611E-03
  11683.60  1.9863605E-03
  11683.70  1.9768946E-03
  11683.80  1.9664865E-03
  11683.90  1.9553576E-03
  11684.00  1.9437239E-03
  11684.10  1.9317924E-03
  11684.20  1.9197588E-03
  11684.30  1.9078052E-03
  11684.40  1.8960988E-03
  11684.50  1.8847910E-03
  11684.60  1.8740170E-03
  11684.70  1.8638962E-03
  11684.80  1.8545322E-03
  11684.90  1.8460136E-03
  11685.00  1.8384149E-03
  11685.10  1.8317978E-03
  11685.20  1.8262114E-03
  11685.30  1.8216943E-03
  11685.40  1.8182748E-03
  11685.50  1.8159725E-03
  11685.60  1.8147989E-03
  11685.70  1.8147585E-03
  11685.80  1.8158493E-03
  11685.90  1.8180640E-03
  11686.00  1.8213904E-03
  11686.10  1.8258119E-03
  11686.20  1.8313084E-03
  11686.30  1.8378565E-03
  11686.40  1.8454300E-03
  11686.50  1.8540008E-03
  11686.60  1.8635386E-03
  11686.70  1.8740120E-03
  11686.80  1.8853886E-03
  11686.90  1.8976355E-03
  11687.00  1.9107196E-03
  11687.20  1.9392692E-03
  11687.40  1.9707861E-03
  11687.60  2.0050411E-03
  11687.80  2.0418367E-03
  11688.00  2.0810133E-03
  11688.20  2.1224516E-03
  11688.40  2.1660718E-03
  11688.60  2.2118275E-03
  11688.80  2.2596984E-03
  11689.00  2.3096788E-03
  11689.20  2.3617672E-03
  11689.40  2.4159550E-03
  11689.60  2.4722183E-03
  11689.80  2.5305119E-03
  11690.00  2.5907679E-03
  11690.20  2.6528985E-03
  11690.40  2.7168029E-03
  11690.60  2.7823782E-03
  11690.80  2.8495335E-03
  11691.00  2.9182043E-03
  11691.20  2.9883666E-03
  11691.40  3.0600473E-03
  11691.60  3.1333298E-03
  11691.80  3.2083538E-03
  11692.00  3.2853089E-03
  11692.20  3.3644238E-03
  11692.40  3.4459515E-03
  11692.60  3.5301547E-03
  11692.80  3.6172913E-03
  11693.00  3.7076026E-03
  11693.20  3.8013043E-03
  11693.40  3.8985807E-03
  11693.60  3.9995807E-03
  11693.80  4.1044166E-03
  11694.00  4.2131627E-03
  11694.20  4.3258545E-03
  11694.40  4.4424879E-03
  11694.60  4.5630176E-03
  11694.80  4.6873564E-03
  11695.00  4.8153737E-03
  11695.20  4.9468960E-03
  11695.40  5.0817072E-03
  11695.60  5.2195502E-03
  11695.80  5.3601296E-03
  11696.00  5.5031134E-03
  11696.20  5.6481366E-03
  11696.40  5.7948026E-03
  11696.60  5.9426850E-03
  11696.80  6.0913296E-03
  11697.00  6.2402549E-03
  11697.20  6.3889538E-03
  11697.40  6.5368955E-03
  11697.60  6.6835281E-03
  11697.80  6.8282823E-03
  11698.00  6.9705763E-03
  11698.20  7.1098224E-03
  11698.40  7.2454343E-03
  11698.60  7.3768362E-03
  11698.80  7.5034729E-03
  11699.00  7.6248204E-03
  11699.20  7.7403975E-03
  11699.40  7.8497777E-03
  11699.60  7.9525999E-03
  11699.80  8.0485789E-03
  11700.00  8.1375142E-03
  11700.20  8.2192967E-03
  11700.40  8.2939131E-03
  11700.60  8.3614478E-03
  11700.80  8.4220810E-03
  11701.00  8.4760856E-03
  11701.20  8.5238196E-03
  11701.40  8.5657176E-03
  11701.60  8.6022795E-03
  11701.80  8.6340582E-03
  11702.00  8.6616462E-03
  11703.00  8.7585195E-03
  11704.00  8.8398515E-03
  11705.00  8.9575643E-03
  11706.00  9.1327788E-03
  11707.00  9.3620873E-03
  11708.00  9.6285030E-03
  11709.00  9.9107328E-03
  11710.00  1.0189378E-02
  11711.00  1.0450006E-02
  11712.00  1.0683203E-02
  11713.00  1.0882561E-02
  11714.00  1.1042467E-02
  11715.00  1.1157210E-02
  11716.00  1.1221817E-02
  11717.00  1.1233944E-02
  11718.00  1.1195526E-02
  11719.00  1.1113036E-02
  11720.00  1.0996096E-02
  11721.00  1.0855280E-02
  11722.00  1.0700231E-02
  11723.00  1.0538694E-02
  11724.00  1.0376339E-02
  11725.00  1.0217067E-02
  11726.00  1.0063530E-02
  11727.00  9.9177153E-03
  11728.00  9.7814078E-03
  11729.00  9.6563895E-03
  11730.00  9.5443239E-03
  11731.00  9.4464573E-03
  11732.00  9.3633388E-03
  11733.00  9.2947117E-03
  11734.00  9.2396074E-03
  11735.00  9.1965722E-03
  11736.00  9.1639284E-03
  11737.00  9.1399979E-03
  11738.00  9.1232501E-03
  11739.00  9.1123701E-03
  11740.00  9.1062660E-03
  11741.00  9.1040436E-03
  11742.00  9.1049725E-03
  11743.00  9.1084525E-03
  11744.00  9.1139819E-03
  11745.00  9.1211290E-03
  11746.00  9.1295162E-03
  11747.00  9.1388304E-03
  11748.00  9.1488731E-03
  11749.00  9.1596481E-03
  11750.00  9.1714687E-03
  11751.00  9.1850462E-03
  11752.00  9.2015173E-03
  11753.00  9.2223826E-03
  11754.00  9.2493623E-03
  11755.00  9.2842096E-03
  11756.00  9.3285368E-03
  11757.00  9.3836970E-03
  11758.00  9.4507334E-03
  11759.00  9.5303768E-03
  11760.00  9.6230528E-03
  11761.00  9.7288660E-03
  11762.00  9.8475396E-03
  11763.00  9.9783131E-03
  11764.00  1.0119820E-02
  11765.00  1.0269981E-02
  11766.00  1.0425953E-02
  11767.00  1.0584176E-02
  11768.00  1.0740540E-02
  11769.00  1.0890689E-02
  11770.00  1.1030420E-02
  11771.00  1.1156131E-02
  11772.00  1.1265216E-02
  11773.00  1.1356315E-02
  11774.00  1.1429354E-02
  11775.00  1.1485384E-02
  11776.00  1.1526283E-02
  11777.00  1.1554408E-02
  11778.00  1.1572276E-02
  11779.00  1.1582329E-02
  11780.00  1.1586777E-02
  11781.00  1.1587517E-02
  11782.00  1.1586086E-02
