    Energy    <xanes>    
  12618.00  3.2771358E-04
  12618.50  3.3240469E-04
  12619.00  3.3722274E-04
  12619.50  3.4217291E-04
  12620.00  3.4726063E-04
  12620.50  3.5249166E-04
  12621.00  3.5787204E-04
  12621.50  3.6340821E-04
  12622.00  3.6910694E-04
  12622.50  3.7497541E-04
  12623.00  3.8102123E-04
  12623.50  3.8725247E-04
  12624.00  3.9367769E-04
  12624.50  4.0030598E-04
  12625.00  4.0714701E-04
  12625.50  4.1421106E-04
  12626.00  4.2150910E-04
  12626.50  4.2905280E-04
  12627.00  4.3685463E-04
  12627.50  4.4492792E-04
  12628.00  4.5328691E-04
  12628.50  4.6194687E-04
  12629.00  4.7092415E-04
  12629.50  4.8023631E-04
  12630.00  4.8990223E-04
  12630.50  4.9994221E-04
  12631.00  5.1037813E-04
  12631.50  5.2123362E-04
  12632.00  5.3253418E-04
  12632.50  5.4430744E-04
  12633.00  5.5658334E-04
  12633.50  5.6939438E-04
  12634.00  5.8277592E-04
  12634.50  5.9676647E-04
  12635.00  6.1140808E-04
  12635.50  6.2674673E-04
  12636.00  6.4283281E-04
  12636.50  6.5972165E-04
  12637.00  6.7747417E-04
  12637.50  6.9615753E-04
  12638.00  7.1584604E-04
  12638.50  7.3662206E-04
  12639.00  7.5857714E-04
  12639.50  7.8181334E-04
  12640.00  8.0644478E-04
  12640.50  8.3259945E-04
  12641.00  8.6042137E-04
  12641.50  8.9007320E-04
  12642.00  9.2173930E-04
  12642.50  9.5562946E-04
  12643.00  9.9198347E-04
  12643.50  1.0310766E-03
  12644.00  1.0732262E-03
  12644.50  1.1188005E-03
  12645.00  1.1682286E-03
  12645.50  1.2220138E-03
  12646.00  1.2807499E-03
  12646.50  1.3451428E-03
  12647.00  1.4160375E-03
  12647.50  1.4944539E-03
  12648.00  1.5816340E-03
  12648.50  1.6791042E-03
  12649.00  1.7887614E-03
  12649.50  1.9129889E-03
  12650.00  2.0548208E-03
  12650.50  2.2181733E-03
  12651.00  2.4081817E-03
  12651.50  2.6316974E-03
  12652.00  2.8980417E-03
  12652.50  3.2201769E-03
  12653.00  3.6165784E-03
  12653.10  3.7069530E-03
  12653.20  3.8016083E-03
  12653.30  3.9008376E-03
  12653.40  4.0049602E-03
  12653.50  4.1143238E-03
  12653.60  4.2293082E-03
  12653.70  4.3503282E-03
  12653.80  4.4778382E-03
  12653.90  4.6123360E-03
  12654.00  4.7543684E-03
  12654.10  4.9045367E-03
  12654.20  5.0635033E-03
  12654.30  5.2319987E-03
  12654.40  5.4108307E-03
  12654.50  5.6008930E-03
  12654.60  5.8031771E-03
  12654.70  6.0187839E-03
  12654.80  6.2489385E-03
  12654.90  6.4950066E-03
  12655.00  6.7585125E-03
  12655.10  7.0411613E-03
  12655.20  7.3448624E-03
  12655.30  7.6717585E-03
  12655.40  8.0242563E-03
  12655.50  8.4050636E-03
  12655.60  8.8172299E-03
  12655.70  9.2641927E-03
  12655.80  9.7498291E-03
  12655.90  1.0278513E-02
  12656.00  1.0855178E-02
  12656.10  1.1485382E-02
  12656.20  1.2175373E-02
  12656.30  1.2932158E-02
  12656.40  1.3763555E-02
  12656.50  1.4678225E-02
  12656.60  1.5685677E-02
  12656.70  1.6796196E-02
  12656.80  1.8020689E-02
  12656.90  1.9370371E-02
  12657.00  2.0856239E-02
  12657.10  2.2488240E-02
  12657.20  2.4274022E-02
  12657.30  2.6217146E-02
  12657.40  2.8314668E-02
  12657.50  3.0554045E-02
  12657.60  3.2909492E-02
  12657.70  3.5338159E-02
  12657.80  3.7776929E-02
  12657.90  4.0141039E-02
  12658.00  4.2326112E-02
  12658.10  4.4213693E-02
  12658.20  4.5684278E-02
  12658.30  4.6636051E-02
  12658.40  4.7001499E-02
  12658.50  4.6760525E-02
  12658.60  4.5944667E-02
  12658.70  4.4630851E-02
  12658.80  4.2926875E-02
  12658.90  4.0953456E-02
  12659.00  3.8827831E-02
  12659.10  3.6652187E-02
  12659.20  3.4507781E-02
  12659.30  3.2453888E-02
  12659.40  3.0529879E-02
  12659.50  2.8758840E-02
  12659.60  2.7151537E-02
  12659.70  2.5710031E-02
  12659.80  2.4430650E-02
  12659.90  2.3306262E-02
  12660.00  2.2327917E-02
  12660.10  2.1485980E-02
  12660.20  2.0770878E-02
  12660.30  2.0173563E-02
  12660.40  1.9685785E-02
  12660.50  1.9300231E-02
  12660.60  1.9010585E-02
  12660.70  1.8811526E-02
  12660.80  1.8698711E-02
  12660.90  1.8668727E-02
  12661.00  1.8719042E-02
  12661.10  1.8847960E-02
  12661.20  1.9054560E-02
  12661.30  1.9338652E-02
  12661.40  1.9700718E-02
  12661.50  2.0141860E-02
  12661.60  2.0663734E-02
  12661.70  2.1268480E-02
  12661.80  2.1958631E-02
  12661.90  2.2736998E-02
  12662.00  2.3606532E-02
  12662.10  2.4570133E-02
  12662.20  2.5630423E-02
  12662.30  2.6789444E-02
  12662.40  2.8048303E-02
  12662.50  2.9406734E-02
  12662.60  3.0862596E-02
  12662.70  3.2411323E-02
  12662.80  3.4045348E-02
  12662.90  3.5753570E-02
  12663.00  3.7520947E-02
  12663.20  4.1152516E-02
  12663.40  4.4743049E-02
  12663.60  4.8062166E-02
  12663.80  5.0896820E-02
  12664.00  5.3104173E-02
  12664.20  5.4638340E-02
  12664.40  5.5541815E-02
  12664.60  5.5915636E-02
  12664.80  5.5886128E-02
  12665.00  5.5577169E-02
  12665.20  5.5091008E-02
  12665.40  5.4499178E-02
  12665.60  5.3843246E-02
  12665.80  5.3142504E-02
  12666.00  5.2403834E-02
  12666.20  5.1629141E-02
  12666.40  5.0818003E-02
  12666.60  4.9966461E-02
  12666.80  4.9065146E-02
  12667.00  4.8099720E-02
  12667.20  4.7054444E-02
  12667.40  4.5917485E-02
  12667.60  4.4685702E-02
  12667.80  4.3367165E-02
  12668.00  4.1980663E-02
  12668.20  4.0552488E-02
  12668.40  3.9111686E-02
  12668.60  3.7685551E-02
  12668.80  3.6296877E-02
  12669.00  3.4963429E-02
  12669.20  3.3698957E-02
  12669.40  3.2514539E-02
  12669.60  3.1419439E-02
  12669.80  3.0421321E-02
  12670.00  2.9526124E-02
  12670.20  2.8737903E-02
  12670.40  2.8058803E-02
  12670.60  2.7489157E-02
  12670.80  2.7027655E-02
  12671.00  2.6671537E-02
  12671.20  2.6416778E-02
  12671.40  2.6258263E-02
  12671.60  2.6189940E-02
  12671.80  2.6204992E-02
  12672.00  2.6296058E-02
  12672.20  2.6455533E-02
  12672.40  2.6675939E-02
  12672.60  2.6950307E-02
  12672.80  2.7272506E-02
  12673.00  2.7637441E-02
  12673.20  2.8041078E-02
  12673.40  2.8480297E-02
  12673.60  2.8952606E-02
  12673.80  2.9455778E-02
  12674.00  2.9987490E-02
  12674.20  3.0545018E-02
  12674.40  3.1125034E-02
  12674.60  3.1723542E-02
  12674.80  3.2335920E-02
  12675.00  3.2957069E-02
  12675.20  3.3581608E-02
  12675.40  3.4204076E-02
  12675.60  3.4819101E-02
  12675.80  3.5421501E-02
  12676.00  3.6006320E-02
  12676.20  3.6568782E-02
  12676.40  3.7104211E-02
  12676.60  3.7607930E-02
  12676.80  3.8075186E-02
  12677.00  3.8501119E-02
  12677.20  3.8880820E-02
  12677.40  3.9209462E-02
  12677.60  3.9482518E-02
  12677.80  3.9696042E-02
  12678.00  3.9846972E-02
  12679.00  3.9649398E-02
  12680.00  3.8224011E-02
  12681.00  3.6418898E-02
  12682.00  3.4874098E-02
  12683.00  3.3774966E-02
  12684.00  3.3060021E-02
  12685.00  3.2621462E-02
  12686.00  3.2381225E-02
  12687.00  3.2301942E-02
  12688.00  3.2368753E-02
  12689.00  3.2562032E-02
  12690.00  3.2847071E-02
  12691.00  3.3187342E-02
  12692.00  3.3560710E-02
  12693.00  3.3959617E-02
  12694.00  3.4377339E-02
  12695.00  3.4793092E-02
  12696.00  3.5165661E-02
  12697.00  3.5439980E-02
  12698.00  3.5565655E-02
  12699.00  3.5518668E-02
  12700.00  3.5312958E-02
  12701.00  3.4994345E-02
  12702.00  3.4621162E-02
  12703.00  3.4243378E-02
  12704.00  3.3890513E-02
  12705.00  3.3571826E-02
  12706.00  3.3285479E-02
  12707.00  3.3029877E-02
  12708.00  3.2811181E-02
  12709.00  3.2644449E-02
  12710.00  3.2549491E-02
  12711.00  3.2544273E-02
  12712.00  3.2638610E-02
  12713.00  3.2829941E-02
  12714.00  3.3101965E-02
  12715.00  3.3426330E-02
  12716.00  3.3767193E-02
  12717.00  3.4088046E-02
  12718.00  3.4359254E-02
  12719.00  3.4563821E-02
  12720.00  3.4699148E-02
  12721.00  3.4774499E-02
  12722.00  3.4806046E-02
  12723.00  3.4812102E-02
  12724.00  3.4810210E-02
  12725.00  3.4816146E-02
  12726.00  3.4843814E-02
  12727.00  3.4904939E-02
  12728.00  3.5008113E-02
  12729.00  3.5157418E-02
  12730.00  3.5351169E-02
  12731.00  3.5581245E-02
  12732.00  3.5833279E-02
  12733.00  3.6087721E-02
  12734.00  3.6321579E-02
  12735.00  3.6510511E-02
  12736.00  3.6631111E-02
  12737.00  3.6663332E-02
  12738.00  3.6592977E-02
  12739.00  3.6413875E-02
  12740.00  3.6129164E-02
  12741.00  3.5751150E-02
  12742.00  3.5299705E-02
  12743.00  3.4799607E-02
  12744.00  3.4277552E-02
  12745.00  3.3759464E-02
  12746.00  3.3268427E-02
  12747.00  3.2823296E-02
  12748.00  3.2437921E-02
  12749.00  3.2120909E-02
  12750.00  3.1875861E-02
  12751.00  3.1701970E-02
  12752.00  3.1594787E-02
  12753.00  3.1546997E-02
  12754.00  3.1549137E-02
  12755.00  3.1590329E-02
  12756.00  3.1659126E-02
  12757.00  3.1744481E-02
  12758.00  3.1836721E-02
