    Energy    <xanes>    
   7072.00  2.5954956E-04
   7072.50  2.6271028E-04
   7073.00  2.6594341E-04
   7073.50  2.6925141E-04
   7074.00  2.7263691E-04
   7074.50  2.7610262E-04
   7075.00  2.7965139E-04
   7075.50  2.8328620E-04
   7076.00  2.8701020E-04
   7076.50  2.9082666E-04
   7077.00  2.9473904E-04
   7077.50  2.9875095E-04
   7078.00  3.0286619E-04
   7078.50  3.0708876E-04
   7079.00  3.1142286E-04
   7079.50  3.1587293E-04
   7080.00  3.2044362E-04
   7080.50  3.2513985E-04
   7081.00  3.2996679E-04
   7081.50  3.3492992E-04
   7082.00  3.4003501E-04
   7082.50  3.4528816E-04
   7083.00  3.5069584E-04
   7083.50  3.5626488E-04
   7084.00  3.6200252E-04
   7084.50  3.6791644E-04
   7085.00  3.7401479E-04
   7085.50  3.8030623E-04
   7086.00  3.8679995E-04
   7086.50  3.9350574E-04
   7087.00  4.0043404E-04
   7087.50  4.0759597E-04
   7088.00  4.1500338E-04
   7088.50  4.2266896E-04
   7089.00  4.3060626E-04
   7089.50  4.3882979E-04
   7090.00  4.4735513E-04
   7090.50  4.5619897E-04
   7091.00  4.6537926E-04
   7091.50  4.7491530E-04
   7092.00  4.8482790E-04
   7092.50  4.9513950E-04
   7093.00  5.0587436E-04
   7093.50  5.1705872E-04
   7094.00  5.2872102E-04
   7094.50  5.4089211E-04
   7095.00  5.5360558E-04
   7095.50  5.6689798E-04
   7096.00  5.8080920E-04
   7096.50  5.9538287E-04
   7097.00  6.1066678E-04
   7097.50  6.2671338E-04
   7098.00  6.4358041E-04
   7098.50  6.6133151E-04
   7099.00  6.8003705E-04
   7099.50  6.9977503E-04
   7100.00  7.2063212E-04
   7100.50  7.4270491E-04
   7101.00  7.6610139E-04
   7101.50  7.9094263E-04
   7102.00  8.1736489E-04
   7102.50  8.4552205E-04
   7103.00  8.7558854E-04
   7103.50  9.0776295E-04
   7104.00  9.4227234E-04
   7104.50  9.7937760E-04
   7105.00  1.0193800E-03
   7105.50  1.0626296E-03
   7106.00  1.1095354E-03
   7106.50  1.1605787E-03
   7107.00  1.2163304E-03
   7107.10  1.2281036E-03
   7107.20  1.2400980E-03
   7107.30  1.2523200E-03
   7107.40  1.2647762E-03
   7107.50  1.2774734E-03
   7107.60  1.2904186E-03
   7107.70  1.3036193E-03
   7107.80  1.3170832E-03
   7107.90  1.3308183E-03
   7108.00  1.3448330E-03
   7108.10  1.3591360E-03
   7108.20  1.3737363E-03
   7108.30  1.3886437E-03
   7108.40  1.4038679E-03
   7108.50  1.4194194E-03
   7108.60  1.4353092E-03
   7108.70  1.4515486E-03
   7108.80  1.4681497E-03
   7108.90  1.4851251E-03
   7109.00  1.5024881E-03
   7109.10  1.5202526E-03
   7109.20  1.5384334E-03
   7109.30  1.5570461E-03
   7109.40  1.5761071E-03
   7109.50  1.5956338E-03
   7109.60  1.6156449E-03
   7109.70  1.6361602E-03
   7109.80  1.6572007E-03
   7109.90  1.6787890E-03
   7110.00  1.7009496E-03
   7110.10  1.7237088E-03
   7110.20  1.7470949E-03
   7110.30  1.7711392E-03
   7110.40  1.7958759E-03
   7110.50  1.8213425E-03
   7110.60  1.8475812E-03
   7110.70  1.8746390E-03
   7110.80  1.9025689E-03
   7110.90  1.9314317E-03
   7111.00  1.9612965E-03
   7111.10  1.9922430E-03
   7111.20  2.0243617E-03
   7111.30  2.0577546E-03
   7111.40  2.0925311E-03
   7111.50  2.1287993E-03
   7111.60  2.1666460E-03
   7111.70  2.2061038E-03
   7111.80  2.2471099E-03
   7111.90  2.2894783E-03
   7112.00  2.3329678E-03
   7112.10  2.3775532E-03
   7112.20  2.4230857E-03
   7112.30  2.4695419E-03
   7112.40  2.5170700E-03
   7112.50  2.5659422E-03
   7112.60  2.6164904E-03
   7112.70  2.6690528E-03
   7112.80  2.7239462E-03
   7112.90  2.7814581E-03
   7113.00  2.8418515E-03
   7113.10  2.9053727E-03
   7113.20  2.9722605E-03
   7113.30  3.0427544E-03
   7113.40  3.1171022E-03
   7113.50  3.1955668E-03
   7113.60  3.2784321E-03
   7113.70  3.3660080E-03
   7113.80  3.4586345E-03
   7113.90  3.5566860E-03
   7114.00  3.6605753E-03
   7114.10  3.7707587E-03
   7114.20  3.8877420E-03
   7114.30  4.0120870E-03
   7114.40  4.1444198E-03
   7114.50  4.2854397E-03
   7114.60  4.4359299E-03
   7114.70  4.5967700E-03
   7114.80  4.7689504E-03
   7114.90  4.9535894E-03
   7115.00  5.1519536E-03
   7115.10  5.3654806E-03
   7115.20  5.5958073E-03
   7115.30  5.8448019E-03
   7115.40  6.1146018E-03
   7115.50  6.4076577E-03
   7115.60  6.7267827E-03
   7115.70  7.0752082E-03
   7115.80  7.4566426E-03
   7115.90  7.8753309E-03
   7116.00  8.3361095E-03
   7116.10  8.8444479E-03
   7116.20  9.4064700E-03
   7116.30  1.0028948E-02
   7116.40  1.0719274E-02
   7116.50  1.1485420E-02
   7116.60  1.2335903E-02
   7116.70  1.3279754E-02
   7116.80  1.4326416E-02
   7116.90  1.5485442E-02
   7117.00  1.6765815E-02
   7117.20  1.9715985E-02
   7117.40  2.3180175E-02
   7117.60  2.7041099E-02
   7117.80  3.1032372E-02
   7118.00  3.4804785E-02
   7118.20  3.8072414E-02
   7118.40  4.0713717E-02
   7118.60  4.2758410E-02
   7118.80  4.4338764E-02
   7119.00  4.5645818E-02
   7119.20  4.6865055E-02
   7119.40  4.8118915E-02
   7119.60  4.9445972E-02
   7119.80  5.0821512E-02
   7120.00  5.2206173E-02
   7120.20  5.3585312E-02
   7120.40  5.4978816E-02
   7120.60  5.6432398E-02
   7120.80  5.7999825E-02
   7121.00  5.9718843E-02
   7121.20  6.1591233E-02
   7121.40  6.3578322E-02
   7121.60  6.5613471E-02
   7121.80  6.7626384E-02
   7122.00  6.9569228E-02
   7122.20  7.1430078E-02
   7122.40  7.3224576E-02
   7122.60  7.4970961E-02
   7122.80  7.6663929E-02
   7123.00  7.8260609E-02
   7123.20  7.9682823E-02
   7123.40  8.0833015E-02
   7123.60  8.1618397E-02
   7123.80  8.1976400E-02
   7124.00  8.1893783E-02
   7124.20  8.1413072E-02
   7124.40  8.0624515E-02
   7124.60  7.9646983E-02
   7124.80  7.8604287E-02
   7125.00  7.7603964E-02
   7125.20  7.6723967E-02
   7125.40  7.6009114E-02
   7125.60  7.5475103E-02
   7125.80  7.5115876E-02
   7126.00  7.4910806E-02
   7126.20  7.4830115E-02
   7126.40  7.4838565E-02
   7126.60  7.4898116E-02
   7126.80  7.4970173E-02
   7127.00  7.5017774E-02
   7127.20  7.5007795E-02
   7127.40  7.4912985E-02
   7127.60  7.4713584E-02
   7127.80  7.4398227E-02
   7128.00  7.3963987E-02
   7128.20  7.3415600E-02
   7128.40  7.2764066E-02
   7128.60  7.2024899E-02
   7128.80  7.1216319E-02
   7129.00  7.0357598E-02
   7129.20  6.9467743E-02
   7129.40  6.8564570E-02
   7129.60  6.7664164E-02
   7129.80  6.6780648E-02
   7130.00  6.5926133E-02
   7130.20  6.5110744E-02
   7130.40  6.4342653E-02
   7130.60  6.3628099E-02
   7130.80  6.2971407E-02
   7131.00  6.2375051E-02
   7131.20  6.1839775E-02
   7131.40  6.1364798E-02
   7131.60  6.0948074E-02
   7131.80  6.0586595E-02
   7132.00  6.0276690E-02
   7133.00  5.9357312E-02
   7134.00  5.9148698E-02
   7135.00  5.9306855E-02
   7136.00  5.9586687E-02
   7137.00  5.9756338E-02
   7138.00  5.9595872E-02
   7139.00  5.8989657E-02
   7140.00  5.7987224E-02
   7141.00  5.6765968E-02
   7142.00  5.5542358E-02
   7143.00  5.4500842E-02
   7144.00  5.3762728E-02
   7145.00  5.3378875E-02
   7146.00  5.3329301E-02
   7147.00  5.3532621E-02
   7148.00  5.3874809E-02
   7149.00  5.4249439E-02
   7150.00  5.4587557E-02
   7151.00  5.4863898E-02
   7152.00  5.5084595E-02
   7153.00  5.5270466E-02
   7154.00  5.5445389E-02
   7155.00  5.5630506E-02
   7156.00  5.5841650E-02
   7157.00  5.6088478E-02
   7158.00  5.6374542E-02
   7159.00  5.6698142E-02
   7160.00  5.7054403E-02
   7161.00  5.7438301E-02
   7162.00  5.7847117E-02
   7163.00  5.8281301E-02
   7164.00  5.8744161E-02
   7165.00  5.9241321E-02
   7166.00  5.9780334E-02
   7167.00  6.0369814E-02
   7168.00  6.1017163E-02
   7169.00  6.1724997E-02
   7170.00  6.2487844E-02
   7171.00  6.3290940E-02
   7172.00  6.4111698E-02
   7173.00  6.4922958E-02
   7174.00  6.5696662E-02
   7175.00  6.6406946E-02
   7176.00  6.7032016E-02
   7177.00  6.7554476E-02
   7178.00  6.7960301E-02
   7179.00  6.8237387E-02
   7180.00  6.8374941E-02
   7181.00  6.8364286E-02
   7182.00  6.8200647E-02
   7183.00  6.7885179E-02
   7184.00  6.7426884E-02
   7185.00  6.6844164E-02
   7186.00  6.6165204E-02
   7187.00  6.5426163E-02
   7188.00  6.4666985E-02
   7189.00  6.3925962E-02
   7190.00  6.3234825E-02
   7191.00  6.2615625E-02
   7192.00  6.2079782E-02
   7193.00  6.1628864E-02
   7194.00  6.1256491E-02
   7195.00  6.0950726E-02
   7196.00  6.0696520E-02
   7197.00  6.0477955E-02
   7198.00  6.0280237E-02
   7199.00  6.0091405E-02
   7200.00  5.9903662E-02
   7201.00  5.9714057E-02
   7202.00  5.9524285E-02
   7203.00  5.9339614E-02
   7204.00  5.9167270E-02
   7205.00  5.9014733E-02
   7206.00  5.8888345E-02
   7207.00  5.8792332E-02
   7208.00  5.8728223E-02
   7209.00  5.8694610E-02
   7210.00  5.8687337E-02
   7211.00  5.8700222E-02
   7212.00  5.8726232E-02
