    Energy    <xanes>    
   7072.00  2.6308575E-04
   7072.50  2.6618166E-04
   7073.00  2.6934660E-04
   7073.50  2.7258287E-04
   7074.00  2.7589290E-04
   7074.50  2.7927921E-04
   7075.00  2.8274446E-04
   7075.50  2.8629140E-04
   7076.00  2.8992293E-04
   7076.50  2.9364211E-04
   7077.00  2.9745210E-04
   7077.50  3.0135625E-04
   7078.00  3.0535806E-04
   7078.50  3.0946121E-04
   7079.00  3.1366956E-04
   7079.50  3.1798718E-04
   7080.00  3.2241834E-04
   7080.50  3.2696754E-04
   7081.00  3.3163951E-04
   7081.50  3.3643925E-04
   7082.00  3.4137203E-04
   7082.50  3.4644339E-04
   7083.00  3.5165922E-04
   7083.50  3.5702570E-04
   7084.00  3.6254941E-04
   7084.50  3.6823729E-04
   7085.00  3.7409669E-04
   7085.50  3.8013542E-04
   7086.00  3.8636175E-04
   7086.50  3.9278449E-04
   7087.00  3.9941296E-04
   7087.50  4.0625714E-04
   7088.00  4.1332759E-04
   7088.50  4.2063563E-04
   7089.00  4.2819331E-04
   7089.50  4.3601349E-04
   7090.00  4.4410997E-04
   7090.50  4.5249747E-04
   7091.00  4.6119183E-04
   7091.50  4.7020999E-04
   7092.00  4.7957020E-04
   7092.50  4.8929209E-04
   7093.00  4.9939679E-04
   7093.50  5.0990712E-04
   7094.00  5.2084773E-04
   7094.50  5.3224530E-04
   7095.00  5.4412874E-04
   7095.50  5.5652947E-04
   7096.00  5.6948162E-04
   7096.50  5.8302241E-04
   7097.00  5.9719245E-04
   7097.50  6.1203617E-04
   7098.00  6.2760225E-04
   7098.50  6.4394419E-04
   7099.00  6.6112084E-04
   7099.50  6.7919720E-04
   7100.00  6.9824515E-04
   7100.50  7.1834443E-04
   7101.00  7.3958376E-04
   7101.50  7.6206213E-04
   7102.00  7.8589037E-04
   7102.50  8.1119297E-04
   7103.00  8.3811027E-04
   7103.50  8.6680118E-04
   7104.00  8.9744634E-04
   7104.50  9.3025208E-04
   7105.00  9.6545535E-04
   7105.50  1.0033298E-03
   7106.00  1.0441935E-03
   7106.50  1.0884190E-03
   7107.00  1.1364466E-03
   7107.10  1.1465528E-03
   7107.20  1.1568365E-03
   7107.30  1.1673025E-03
   7107.40  1.1779558E-03
   7107.50  1.1888018E-03
   7107.60  1.1998458E-03
   7107.70  1.2110936E-03
   7107.80  1.2225512E-03
   7107.90  1.2342248E-03
   7108.00  1.2461209E-03
   7108.10  1.2582462E-03
   7108.20  1.2706079E-03
   7108.30  1.2832135E-03
   7108.40  1.2960708E-03
   7108.50  1.3091881E-03
   7108.60  1.3225739E-03
   7108.70  1.3362376E-03
   7108.80  1.3501887E-03
   7108.90  1.3644376E-03
   7109.00  1.3789950E-03
   7109.10  1.3938727E-03
   7109.20  1.4090830E-03
   7109.30  1.4246391E-03
   7109.40  1.4405553E-03
   7109.50  1.4568470E-03
   7109.60  1.4735309E-03
   7109.70  1.4906251E-03
   7109.80  1.5081496E-03
   7109.90  1.5261263E-03
   7110.00  1.5445796E-03
   7110.10  1.5635368E-03
   7110.20  1.5830286E-03
   7110.30  1.6030898E-03
   7110.40  1.6237607E-03
   7110.50  1.6450877E-03
   7110.60  1.6671250E-03
   7110.70  1.6899367E-03
   7110.80  1.7135989E-03
   7110.90  1.7382027E-03
   7111.00  1.7638567E-03
   7111.10  1.7906905E-03
   7111.20  1.8188549E-03
   7111.30  1.8485190E-03
   7111.40  1.8798561E-03
   7111.50  1.9130098E-03
   7111.60  1.9480293E-03
   7111.70  1.9847657E-03
   7111.80  2.0227587E-03
   7111.90  2.0611972E-03
   7112.00  2.0990967E-03
   7112.10  2.1358466E-03
   7112.20  2.1711900E-03
   7112.30  2.2054111E-03
   7112.40  2.2391806E-03
   7112.50  2.2732627E-03
   7112.60  2.3083237E-03
   7112.70  2.3448698E-03
   7112.80  2.3832637E-03
   7112.90  2.4237636E-03
   7113.00  2.4665572E-03
   7113.10  2.5117853E-03
   7113.20  2.5595583E-03
   7113.30  2.6099722E-03
   7113.40  2.6631252E-03
   7113.50  2.7191345E-03
   7113.60  2.7781480E-03
   7113.70  2.8403493E-03
   7113.80  2.9059549E-03
   7113.90  2.9752062E-03
   7114.00  3.0483628E-03
   7114.10  3.1257001E-03
   7114.20  3.2075109E-03
   7114.30  3.2941103E-03
   7114.40  3.3858416E-03
   7114.50  3.4830820E-03
   7114.60  3.5862487E-03
   7114.70  3.6958045E-03
   7114.80  3.8122640E-03
   7114.90  3.9362004E-03
   7115.00  4.0682534E-03
   7115.10  4.2091379E-03
   7115.20  4.3596548E-03
   7115.30  4.5207039E-03
   7115.40  4.6932985E-03
   7115.50  4.8785832E-03
   7115.60  5.0778537E-03
   7115.70  5.2925811E-03
   7115.80  5.5244384E-03
   7115.90  5.7753325E-03
   7116.00  6.0474388E-03
   7116.10  6.3432410E-03
   7116.20  6.6655738E-03
   7116.30  7.0176681E-03
   7116.40  7.4031975E-03
   7116.50  7.8263194E-03
   7116.60  8.2917082E-03
   7116.70  8.8045664E-03
   7116.80  9.3705980E-03
   7116.90  9.9959165E-03
   7117.00  1.0686851E-02
   7117.20  1.2289743E-02
   7117.40  1.4216387E-02
   7117.60  1.6465438E-02
   7117.80  1.8968146E-02
   7118.00  2.1583562E-02
   7118.20  2.4141999E-02
   7118.40  2.6515876E-02
   7118.60  2.8654621E-02
   7118.80  3.0557645E-02
   7119.00  3.2235048E-02
   7119.20  3.3705878E-02
   7119.40  3.5013653E-02
   7119.60  3.6223238E-02
   7119.80  3.7411489E-02
   7120.00  3.8663052E-02
   7120.20  4.0059904E-02
   7120.40  4.1664342E-02
   7120.60  4.3504682E-02
   7120.80  4.5568365E-02
   7121.00  4.7803108E-02
   7121.20  5.0126703E-02
   7121.40  5.2447349E-02
   7121.60  5.4690984E-02
   7121.80  5.6822252E-02
   7122.00  5.8847478E-02
   7122.20  6.0801453E-02
   7122.40  6.2728548E-02
   7122.60  6.4667770E-02
   7122.80  6.6645096E-02
   7123.00  6.8669472E-02
   7123.20  7.0727613E-02
   7123.40  7.2778311E-02
   7123.60  7.4752153E-02
   7123.80  7.6562175E-02
   7124.00  7.8125125E-02
   7124.20  7.9385335E-02
   7124.40  8.0329287E-02
   7124.60  8.0983632E-02
   7124.80  8.1399952E-02
   7125.00  8.1636426E-02
   7125.20  8.1744783E-02
   7125.40  8.1764607E-02
   7125.60  8.1723021E-02
   7125.80  8.1637040E-02
   7126.00  8.1516795E-02
   7126.20  8.1368415E-02
   7126.40  8.1195816E-02
   7126.60  8.1001116E-02
   7126.80  8.0784061E-02
   7127.00  8.0541241E-02
   7127.20  8.0265815E-02
   7127.40  7.9948001E-02
   7127.60  7.9576287E-02
   7127.80  7.9139102E-02
   7128.00  7.8626691E-02
   7128.20  7.8032911E-02
   7128.40  7.7356588E-02
   7128.60  7.6602156E-02
   7128.80  7.5779395E-02
   7129.00  7.4902354E-02
   7129.20  7.3987724E-02
   7129.40  7.3053065E-02
   7129.60  7.2115234E-02
   7129.80  7.1189253E-02
   7130.00  7.0287691E-02
   7130.20  6.9420500E-02
   7130.40  6.8595155E-02
   7130.60  6.7816950E-02
   7130.80  6.7089349E-02
   7131.00  6.6414296E-02
   7131.20  6.5792487E-02
   7131.40  6.5223587E-02
   7131.60  6.4706422E-02
   7131.80  6.4239147E-02
   7132.00  6.3819408E-02
   7133.00  6.2333439E-02
   7134.00  6.1604291E-02
   7135.00  6.1334926E-02
   7136.00  6.1320817E-02
   7137.00  6.1423267E-02
   7138.00  6.1518631E-02
   7139.00  6.1478668E-02
   7140.00  6.1196485E-02
   7141.00  6.0620285E-02
   7142.00  5.9773806E-02
   7143.00  5.8751166E-02
   7144.00  5.7684992E-02
   7145.00  5.6702511E-02
   7146.00  5.5888241E-02
   7147.00  5.5266641E-02
   7148.00  5.4811028E-02
   7149.00  5.4472634E-02
   7150.00  5.4211184E-02
   7151.00  5.4009664E-02
   7152.00  5.3870692E-02
   7153.00  5.3804462E-02
   7154.00  5.3818962E-02
   7155.00  5.3916393E-02
   7156.00  5.4093609E-02
   7157.00  5.4343410E-02
   7158.00  5.4655700E-02
   7159.00  5.5018890E-02
   7160.00  5.5421560E-02
   7161.00  5.5853996E-02
   7162.00  5.6309492E-02
   7163.00  5.6785657E-02
   7164.00  5.7285440E-02
   7165.00  5.7816969E-02
   7166.00  5.8391625E-02
   7167.00  5.9021008E-02
   7168.00  5.9713995E-02
   7169.00  6.0474415E-02
   7170.00  6.1299095E-02
   7171.00  6.2176197E-02
   7172.00  6.3084583E-02
   7173.00  6.3995084E-02
   7174.00  6.4873855E-02
   7175.00  6.5687018E-02
   7176.00  6.6405226E-02
   7177.00  6.7006838E-02
   7178.00  6.7478889E-02
   7179.00  6.7816019E-02
   7180.00  6.8018360E-02
   7181.00  6.8089713E-02
   7182.00  6.8036771E-02
   7183.00  6.7869304E-02
   7184.00  6.7600748E-02
   7185.00  6.7248662E-02
   7186.00  6.6834677E-02
   7187.00  6.6383665E-02
   7188.00  6.5922087E-02
   7189.00  6.5475799E-02
   7190.00  6.5067727E-02
   7191.00  6.4715821E-02
   7192.00  6.4431620E-02
   7193.00  6.4219577E-02
   7194.00  6.4077216E-02
   7195.00  6.3996076E-02
   7196.00  6.3963375E-02
   7197.00  6.3964164E-02
   7198.00  6.3983670E-02
   7199.00  6.4009462E-02
   7200.00  6.4033028E-02
   7201.00  6.4050462E-02
   7202.00  6.4062072E-02
   7203.00  6.4071078E-02
   7204.00  6.4081830E-02
   7205.00  6.4098127E-02
   7206.00  6.4122084E-02
   7207.00  6.4153742E-02
   7208.00  6.4191381E-02
   7209.00  6.4232299E-02
   7210.00  6.4273710E-02
   7211.00  6.4313426E-02
   7212.00  6.4350144E-02
