    Energy    <xanes>    
   7072.00  1.5276611E-03
   7072.50  1.5448054E-03
   7073.00  1.5628193E-03
   7073.50  1.5812287E-03
   7074.00  1.6000464E-03
   7074.50  1.6192861E-03
   7075.00  1.6389621E-03
   7075.50  1.6590890E-03
   7076.00  1.6796826E-03
   7076.50  1.7007590E-03
   7077.00  1.7223352E-03
   7077.50  1.7444291E-03
   7078.00  1.7670592E-03
   7078.50  1.7902453E-03
   7079.00  1.8140078E-03
   7079.50  1.8383683E-03
   7080.00  1.8633493E-03
   7080.50  1.8889748E-03
   7081.00  1.9152696E-03
   7081.50  1.9422602E-03
   7082.00  1.9699742E-03
   7082.50  1.9984409E-03
   7083.00  2.0276911E-03
   7083.50  2.0577572E-03
   7084.00  2.0886735E-03
   7084.50  2.1204764E-03
   7085.00  2.1532042E-03
   7085.50  2.1868974E-03
   7086.00  2.2215991E-03
   7086.50  2.2573550E-03
   7087.00  2.2942132E-03
   7087.50  2.3322254E-03
   7088.00  2.3714461E-03
   7088.50  2.4119335E-03
   7089.00  2.4537496E-03
   7089.50  2.4969605E-03
   7090.00  2.5416368E-03
   7090.50  2.5878539E-03
   7091.00  2.6356926E-03
   7091.50  2.6852394E-03
   7092.00  2.7365872E-03
   7092.50  2.7898359E-03
   7093.00  2.8450927E-03
   7093.50  2.9024736E-03
   7094.00  2.9621034E-03
   7094.50  3.0241174E-03
   7095.00  3.0886620E-03
   7095.50  3.1558961E-03
   7096.00  3.2259926E-03
   7096.50  3.2991400E-03
   7097.00  3.3755443E-03
   7097.50  3.4554310E-03
   7098.00  3.5390481E-03
   7098.50  3.6266684E-03
   7099.00  3.7185938E-03
   7099.50  3.8151591E-03
   7100.00  3.9167369E-03
   7100.50  4.0237442E-03
   7101.00  4.1366495E-03
   7101.50  4.2559823E-03
   7102.00  4.3823445E-03
   7102.50  4.5164254E-03
   7103.00  4.6590209E-03
   7103.50  4.8110580E-03
   7104.00  4.9736293E-03
   7104.50  5.1480384E-03
   7105.00  5.3358654E-03
   7105.50  5.5390604E-03
   7106.00  5.7600843E-03
   7106.50  6.0021253E-03
   7107.00  6.2694492E-03
   7107.10  6.3265281E-03
   7107.20  6.3852131E-03
   7107.30  6.4449784E-03
   7107.40  6.5058827E-03
   7107.50  6.5679900E-03
   7107.60  6.6322565E-03
   7107.70  6.6985491E-03
   7107.80  6.7662748E-03
   7107.90  6.8355256E-03
   7108.00  6.9064030E-03
   7108.04  6.9378459E-03
   7108.14  7.0123281E-03
   7108.24  7.0891170E-03
   7108.34  7.1683724E-03
   7108.44  7.2502724E-03
   7108.54  7.3350154E-03
   7108.64  7.4228238E-03
   7108.74  7.5139477E-03
   7108.84  7.6086691E-03
   7108.94  7.7073075E-03
   7109.04  7.8102262E-03
   7109.14  7.9178403E-03
   7109.24  8.0306260E-03
   7109.34  8.1491324E-03
   7109.44  8.2739952E-03
   7109.54  8.4059547E-03
   7109.64  8.5458773E-03
   7109.74  8.6947823E-03
   7109.84  8.8538762E-03
   7109.94  9.0245950E-03
   7110.04  9.2086583E-03
   7110.14  9.4081381E-03
   7110.24  9.6255466E-03
   7110.34  9.8639481E-03
   7110.44  1.0127103E-02
   7110.54  1.0419650E-02
   7110.64  1.0747341E-02
   7110.74  1.1117323E-02
   7110.84  1.1538491E-02
   7110.94  1.2021869E-02
   7111.04  1.2580982E-02
   7111.14  1.3232057E-02
   7111.24  1.3993731E-02
   7111.34  1.4885600E-02
   7111.44  1.5924473E-02
   7111.54  1.7116729E-02
   7111.64  1.8445582E-02
   7111.74  1.9855094E-02
   7111.84  2.1239874E-02
   7111.94  2.2456218E-02
   7112.04  2.3363735E-02
   7112.14  2.3880877E-02
   7112.24  2.4016852E-02
   7112.34  2.3859260E-02
   7112.44  2.3535128E-02
   7112.54  2.3172976E-02
   7112.64  2.2876471E-02
   7112.74  2.2708195E-02
   7112.84  2.2681798E-02
   7112.94  2.2763350E-02
   7113.04  2.2884290E-02
   7113.14  2.2966538E-02
   7113.24  2.2952378E-02
   7113.34  2.2827187E-02
   7113.44  2.2622787E-02
   7113.54  2.2400288E-02
   7113.64  2.2222785E-02
   7113.74  2.2132383E-02
   7113.84  2.2139609E-02
   7113.94  2.2224415E-02
   7114.04  2.2344683E-02
   7114.14  2.2449491E-02
   7114.24  2.2495290E-02
   7114.34  2.2461061E-02
   7114.44  2.2355513E-02
   7114.54  2.2211014E-02
   7114.64  2.2066990E-02
   7114.74  2.1952565E-02
   7114.84  2.1877363E-02
   7114.94  2.1833591E-02
   7115.04  2.1806971E-02
   7115.14  2.1789586E-02
   7115.24  2.1786293E-02
   7115.34  2.1811655E-02
   7115.44  2.1882206E-02
   7115.54  2.2010585E-02
   7115.64  2.2203846E-02
   7115.74  2.2464542E-02
   7115.84  2.2792593E-02
   7115.94  2.3186863E-02
   7116.04  2.3646185E-02
   7116.14  2.4169931E-02
   7116.24  2.4758295E-02
   7116.34  2.5412412E-02
   7116.44  2.6134407E-02
   7116.54  2.6927405E-02
   7116.64  2.7795543E-02
   7116.74  2.8743974E-02
   7116.84  2.9778875E-02
   7116.94  3.0907454E-02
   7117.04  3.2156832E-02
   7117.14  3.3504263E-02
   7117.24  3.4964592E-02
   7117.34  3.6566280E-02
   7117.44  3.8300715E-02
   7117.54  4.0201529E-02
   7117.64  4.2254671E-02
   7117.74  4.4498261E-02
   7117.84  4.6909125E-02
   7117.94  4.9527483E-02
   7118.04  5.2316639E-02
   7118.24  5.8466969E-02
   7118.44  6.5260128E-02
   7118.64  7.2518354E-02
   7118.84  8.0060783E-02
   7119.04  8.7802367E-02
   7119.24  9.5775821E-02
   7119.44  1.0405731E-01
   7119.64  1.1269898E-01
   7119.84  1.2169436E-01
   7120.04  1.3094033E-01
   7120.24  1.4024278E-01
   7120.44  1.4940205E-01
   7120.64  1.5831402E-01
   7120.84  1.6700654E-01
   7121.04  1.7559914E-01
   7121.24  1.8422287E-01
   7121.44  1.9296001E-01
   7121.64  2.0185666E-01
   7121.84  2.1098420E-01
   7122.04  2.2047425E-01
   7122.24  2.3049667E-01
   7122.44  2.4121071E-01
   7122.64  2.5272848E-01
   7122.84  2.6510683E-01
   7123.04  2.7836063E-01
   7123.24  2.9248012E-01
   7123.44  3.0743974E-01
   7123.64  3.2319900E-01
   7123.84  3.3969896E-01
   7124.04  3.5684989E-01
   7124.24  3.7450388E-01
   7124.44  3.9242015E-01
   7124.64  4.1024593E-01
   7124.84  4.2753495E-01
   7125.04  4.4380733E-01
   7125.24  4.5862800E-01
   7125.44  4.7166869E-01
   7125.64  4.8273099E-01
   7125.84  4.9173528E-01
   7126.04  4.9869745E-01
   7126.24  5.0371300E-01
   7126.44  5.0695254E-01
   7126.64  5.0865939E-01
   7126.84  5.0913651E-01
   7127.04  5.0871757E-01
   7127.24  5.0772834E-01
   7127.44  5.0645105E-01
   7127.64  5.0510221E-01
   7127.84  5.0382738E-01
   7128.04  5.0270922E-01
   7128.24  5.0178170E-01
   7128.44  5.0104375E-01
   7128.64  5.0046848E-01
   7128.84  5.0000777E-01
   7129.04  4.9959459E-01
   7129.24  4.9914548E-01
   7129.44  4.9856510E-01
   7129.64  4.9775290E-01
   7129.84  4.9661136E-01
   7130.04  4.9505449E-01
   7130.24  4.9301562E-01
   7130.44  4.9045341E-01
   7130.64  4.8735545E-01
   7130.84  4.8373907E-01
   7131.04  4.7964945E-01
   7131.24  4.7515527E-01
   7131.44  4.7034255E-01
   7131.64  4.6530761E-01
   7131.84  4.6014993E-01
   7132.04  4.5503568E-01
   7132.24  4.5020517E-01
   7132.44  4.4536420E-01
   7132.64  4.4055142E-01
   7132.84  4.3580034E-01
   7133.04  4.3132906E-01
   7134.04  4.1439921E-01
   7135.04  4.0371295E-01
   7136.04  3.9671861E-01
   7137.04  3.9164337E-01
   7138.04  3.8775749E-01
   7139.04  3.8466989E-01
   7140.04  3.8183067E-01
   7141.04  3.7851224E-01
   7142.04  3.7412746E-01
   7143.04  3.6851956E-01
   7144.04  3.6196163E-01
   7145.04  3.5492139E-01
   7146.04  3.4779922E-01
   7147.04  3.4079716E-01
   7148.04  3.3395513E-01
   7149.04  3.2728433E-01
   7150.04  3.2088168E-01
   7151.04  3.1495183E-01
   7152.04  3.0975228E-01
   7153.04  3.0552248E-01
   7154.04  3.0243862E-01
   7155.04  3.0060093E-01
   7156.04  3.0004257E-01
   7157.04  3.0074397E-01
   7158.04  3.0263898E-01
   7159.04  3.0561187E-01
   7160.04  3.0949776E-01
   7161.04  3.1409951E-01
   7162.04  3.1922050E-01
   7163.04  3.2469825E-01
   7164.04  3.3042273E-01
   7165.04  3.3633473E-01
   7166.04  3.4241166E-01
   7167.04  3.4864897E-01
   7168.04  3.5504067E-01
   7169.04  3.6155909E-01
   7170.04  3.6813690E-01
   7171.04  3.7465843E-01
   7172.04  3.8096642E-01
   7173.04  3.8688399E-01
   7174.04  3.9224282E-01
   7175.04  3.9690568E-01
   7176.04  4.0077598E-01
   7177.04  4.0379600E-01
   7178.04  4.0594123E-01
   7179.04  4.0721853E-01
   7180.04  4.0767071E-01
   7181.04  4.0738325E-01
   7182.04  4.0648568E-01
   7183.04  4.0514124E-01
   7184.04  4.0352604E-01
   7185.04  4.0180463E-01
   7186.04  4.0011022E-01
   7187.04  3.9853545E-01
   7188.04  3.9713538E-01
   7189.04  3.9593998E-01
   7190.04  3.9496922E-01
   7191.04  3.9424248E-01
   7192.04  3.9377696E-01
   7193.04  3.9357625E-01
   7194.04  3.9361577E-01
   7195.04  3.9383369E-01
   7196.04  3.9413316E-01
   7197.04  3.9439636E-01
   7198.04  3.9450559E-01
   7199.04  3.9436405E-01
   7200.04  3.9391016E-01
   7201.04  3.9312342E-01
   7202.04  3.9202285E-01
   7203.04  3.9066071E-01
   7204.04  3.8911356E-01
   7205.04  3.8747142E-01
   7206.04  3.8582617E-01
   7207.04  3.8426043E-01
   7208.04  3.8283876E-01
   7209.04  3.8160253E-01
   7210.04  3.8056886E-01
   7211.04  3.7973319E-01
