    Energy    <xanes>    
   7072.00  2.6905351E-04
   7072.50  2.7233766E-04
   7073.00  2.7569796E-04
   7073.50  2.7913707E-04
   7074.00  2.8265778E-04
   7074.50  2.8626300E-04
   7075.00  2.8995578E-04
   7075.50  2.9373933E-04
   7076.00  2.9761700E-04
   7076.50  3.0159232E-04
   7077.00  3.0566899E-04
   7077.50  3.0985091E-04
   7078.00  3.1414215E-04
   7078.50  3.1854704E-04
   7079.00  3.2307010E-04
   7079.50  3.2771610E-04
   7080.00  3.3249008E-04
   7080.50  3.3739735E-04
   7081.00  3.4244351E-04
   7081.50  3.4763450E-04
   7082.00  3.5297656E-04
   7082.50  3.5847632E-04
   7083.00  3.6414081E-04
   7083.50  3.6997745E-04
   7084.00  3.7599413E-04
   7084.50  3.8219922E-04
   7085.00  3.8860161E-04
   7085.50  3.9521076E-04
   7086.00  4.0203673E-04
   7086.50  4.0909026E-04
   7087.00  4.1638277E-04
   7087.50  4.2392649E-04
   7088.00  4.3173446E-04
   7088.50  4.3982065E-04
   7089.00  4.4820000E-04
   7089.50  4.5688857E-04
   7090.00  4.6590356E-04
   7090.50  4.7526349E-04
   7091.00  4.8498828E-04
   7091.50  4.9509942E-04
   7092.00  5.0562007E-04
   7092.50  5.1657530E-04
   7093.00  5.2799223E-04
   7093.50  5.3990027E-04
   7094.00  5.5233136E-04
   7094.50  5.6532024E-04
   7095.00  5.7890480E-04
   7095.50  5.9312637E-04
   7096.00  6.0803019E-04
   7096.50  6.2366584E-04
   7097.00  6.4008781E-04
   7097.50  6.5735606E-04
   7098.00  6.7553679E-04
   7098.50  6.9470324E-04
   7099.00  7.1493663E-04
   7099.50  7.3632733E-04
   7100.00  7.5897616E-04
   7100.50  7.8299591E-04
   7101.00  8.0851325E-04
   7101.50  8.3567089E-04
   7102.00  8.6463022E-04
   7102.50  8.9557452E-04
   7103.00  9.2871277E-04
   7103.50  9.6428442E-04
   7104.00  1.0025652E-03
   7104.50  1.0438743E-03
   7105.00  1.0885836E-03
   7105.50  1.1371289E-03
   7106.00  1.1900249E-03
   7106.50  1.2478845E-03
   7107.00  1.3114436E-03
   7107.10  1.3249148E-03
   7107.20  1.3386571E-03
   7107.30  1.3526788E-03
   7107.40  1.3669887E-03
   7107.50  1.3815960E-03
   7107.60  1.3965100E-03
   7107.70  1.4117407E-03
   7107.80  1.4272985E-03
   7107.90  1.4431943E-03
   7108.00  1.4594394E-03
   7108.10  1.4760458E-03
   7108.20  1.4930259E-03
   7108.30  1.5103928E-03
   7108.40  1.5281604E-03
   7108.50  1.5463430E-03
   7108.60  1.5649559E-03
   7108.70  1.5840152E-03
   7108.80  1.6035378E-03
   7108.90  1.6235414E-03
   7109.00  1.6440450E-03
   7109.10  1.6650687E-03
   7109.20  1.6866334E-03
   7109.30  1.7087619E-03
   7109.40  1.7314779E-03
   7109.50  1.7548070E-03
   7109.60  1.7787765E-03
   7109.70  1.8034156E-03
   7109.80  1.8287555E-03
   7109.90  1.8548302E-03
   7110.00  1.8816761E-03
   7110.10  1.9093329E-03
   7110.20  1.9378437E-03
   7110.30  1.9672558E-03
   7110.40  1.9976215E-03
   7110.50  2.0289983E-03
   7110.60  2.0614508E-03
   7110.70  2.0950511E-03
   7110.80  2.1298810E-03
   7110.90  2.1660334E-03
   7111.00  2.2036142E-03
   7111.10  2.2427441E-03
   7111.20  2.2835598E-03
   7111.30  2.3262120E-03
   7111.40  2.3708588E-03
   7111.50  2.4176497E-03
   7111.60  2.4666961E-03
   7111.70  2.5180298E-03
   7111.80  2.5715671E-03
   7111.90  2.6271262E-03
   7112.00  2.6847556E-03
   7112.10  2.7444075E-03
   7112.20  2.8060728E-03
   7112.30  2.8699047E-03
   7112.40  2.9361812E-03
   7112.50  3.0052550E-03
   7112.60  3.0775184E-03
   7112.70  3.1533854E-03
   7112.80  3.2332856E-03
   7112.90  3.3176633E-03
   7113.00  3.4069806E-03
   7113.10  3.5017228E-03
   7113.20  3.6024058E-03
   7113.30  3.7095869E-03
   7113.40  3.8238748E-03
   7113.50  3.9459419E-03
   7113.60  4.0765371E-03
   7113.70  4.2164987E-03
   7113.80  4.3667700E-03
   7113.90  4.5284148E-03
   7114.00  4.7026359E-03
   7114.10  4.8907944E-03
   7114.20  5.0944310E-03
   7114.30  5.3152888E-03
   7114.40  5.5553364E-03
   7114.50  5.8167920E-03
   7114.60  6.1021462E-03
   7114.70  6.4141852E-03
   7114.80  6.7560154E-03
   7114.90  7.1310930E-03
   7115.00  7.5432660E-03
   7115.10  7.9968327E-03
   7115.20  8.4966137E-03
   7115.30  9.0480117E-03
   7115.40  9.6570010E-03
   7115.50  1.0329960E-02
   7115.60  1.1073262E-02
   7115.70  1.1892582E-02
   7115.80  1.2791979E-02
   7115.90  1.3772923E-02
   7116.00  1.4833560E-02
   7116.10  1.5968594E-02
   7116.20  1.7170097E-02
   7116.30  1.8429279E-02
   7116.40  1.9738685E-02
   7116.50  2.1093795E-02
   7116.60  2.2493018E-02
   7116.70  2.3935781E-02
   7116.80  2.5419267E-02
   7116.90  2.6934714E-02
   7117.00  2.8464165E-02
   7117.20  3.1439905E-02
   7117.40  3.4036083E-02
   7117.60  3.6023394E-02
   7117.80  3.7456441E-02
   7118.00  3.8598089E-02
   7118.20  3.9670328E-02
   7118.40  4.0732313E-02
   7118.60  4.1748360E-02
   7118.80  4.2693222E-02
   7119.00  4.3593511E-02
   7119.20  4.4523586E-02
   7119.40  4.5588737E-02
   7119.60  4.6901604E-02
   7119.80  4.8556779E-02
   7120.00  5.0615282E-02
   7120.20  5.3107066E-02
   7120.40  5.6044090E-02
   7120.60  5.9421218E-02
   7120.80  6.3190223E-02
   7121.00  6.7219665E-02
   7121.20  7.1271878E-02
   7121.40  7.5023411E-02
   7121.60  7.8136854E-02
   7121.80  8.0364999E-02
   7122.00  8.1633845E-02
   7122.20  8.2049604E-02
   7122.40  8.1835050E-02
   7122.60  8.1252586E-02
   7122.80  8.0553629E-02
   7123.00  7.9952526E-02
   7123.20  7.9611725E-02
   7123.40  7.9632944E-02
   7123.60  8.0054302E-02
   7123.80  8.0854200E-02
   7124.00  8.1962593E-02
   7124.20  8.3279177E-02
   7124.40  8.4695134E-02
   7124.60  8.6112289E-02
   7124.80  8.7453907E-02
   7125.00  8.8665591E-02
   7125.20  8.9709418E-02
   7125.40  9.0556167E-02
   7125.60  9.1179142E-02
   7125.80  9.1551145E-02
   7126.00  9.1644873E-02
   7126.20  9.1436454E-02
   7126.40  9.0911198E-02
   7126.60  9.0069667E-02
   7126.80  8.8931560E-02
   7127.00  8.7535314E-02
   7127.20  8.5933118E-02
   7127.40  8.4183093E-02
   7127.60  8.2341442E-02
   7127.80  8.0456828E-02
   7128.00  7.8567869E-02
   7128.20  7.6703292E-02
   7128.40  7.4883663E-02
   7128.60  7.3123597E-02
   7128.80  7.1433761E-02
   7129.00  6.9822326E-02
   7129.20  6.8295855E-02
   7129.40  6.6859699E-02
   7129.60  6.5518068E-02
   7129.80  6.4273937E-02
   7130.00  6.3128901E-02
   7130.20  6.2083098E-02
   7130.40  6.1135250E-02
   7130.60  6.0282821E-02
   7130.80  5.9522281E-02
   7131.00  5.8849422E-02
   7131.20  5.8259660E-02
   7131.40  5.7748294E-02
   7131.60  5.7310681E-02
   7131.80  5.6942323E-02
   7132.00  5.6638865E-02
   7133.00  5.5943591E-02
   7134.00  5.6176713E-02
   7135.00  5.6692448E-02
   7136.00  5.7025739E-02
   7137.00  5.7024122E-02
   7138.00  5.6693800E-02
   7139.00  5.6037333E-02
   7140.00  5.5034806E-02
   7141.00  5.3709403E-02
   7142.00  5.2170504E-02
   7143.00  5.0585227E-02
   7144.00  4.9121158E-02
   7145.00  4.7912290E-02
   7146.00  4.7051796E-02
   7147.00  4.6594572E-02
   7148.00  4.6560100E-02
   7149.00  4.6936041E-02
   7150.00  4.7685403E-02
   7151.00  4.8755529E-02
   7152.00  5.0085098E-02
   7153.00  5.1608525E-02
   7154.00  5.3259129E-02
   7155.00  5.4971594E-02
   7156.00  5.6683571E-02
   7157.00  5.8337156E-02
   7158.00  5.9881625E-02
   7159.00  6.1277471E-02
   7160.00  6.2499588E-02
   7161.00  6.3537702E-02
   7162.00  6.4394661E-02
   7163.00  6.5084323E-02
   7164.00  6.5629317E-02
   7165.00  6.6057390E-02
   7166.00  6.6395870E-02
   7167.00  6.6666226E-02
   7168.00  6.6881852E-02
   7169.00  6.7050416E-02
   7170.00  6.7178937E-02
   7171.00  6.7278042E-02
   7172.00  6.7362856E-02
   7173.00  6.7450014E-02
   7174.00  6.7552133E-02
   7175.00  6.7671963E-02
   7176.00  6.7798590E-02
   7177.00  6.7907391E-02
   7178.00  6.7964189E-02
   7179.00  6.7932664E-02
   7180.00  6.7782906E-02
   7181.00  6.7498581E-02
   7182.00  6.7080654E-02
   7183.00  6.6546767E-02
   7184.00  6.5926763E-02
   7185.00  6.5255942E-02
   7186.00  6.4568181E-02
   7187.00  6.3890971E-02
   7188.00  6.3243543E-02
   7189.00  6.2637858E-02
   7190.00  6.2081045E-02
   7191.00  6.1577769E-02
   7192.00  6.1131583E-02
   7193.00  6.0745092E-02
   7194.00  6.0419230E-02
   7195.00  6.0152250E-02
   7196.00  5.9939172E-02
   7197.00  5.9772281E-02
   7198.00  5.9642782E-02
   7199.00  5.9543125E-02
   7200.00  5.9469079E-02
   7201.00  5.9420700E-02
   7202.00  5.9401838E-02
   7203.00  5.9418547E-02
   7204.00  5.9477120E-02
   7205.00  5.9582354E-02
   7206.00  5.9736290E-02
   7207.00  5.9937355E-02
   7208.00  6.0179909E-02
   7209.00  6.0454323E-02
   7210.00  6.0747846E-02
   7211.00  6.1046311E-02
   7212.00  6.1336352E-02
