    Energy    <xanes>    
   6499.00  2.7446555E-04
   6499.50  2.7785028E-04
   6500.00  2.8131382E-04
   6500.50  2.8485893E-04
   6501.00  2.8848848E-04
   6501.50  2.9220549E-04
   6502.00  2.9601313E-04
   6502.50  2.9991471E-04
   6503.00  3.0391371E-04
   6503.50  3.0801377E-04
   6504.00  3.1221874E-04
   6504.50  3.1653264E-04
   6505.00  3.2095970E-04
   6505.50  3.2550439E-04
   6506.00  3.3017139E-04
   6506.50  3.3496564E-04
   6507.00  3.3989237E-04
   6507.50  3.4495705E-04
   6508.00  3.5016549E-04
   6508.50  3.5552382E-04
   6509.00  3.6103851E-04
   6509.50  3.6671642E-04
   6510.00  3.7256481E-04
   6510.50  3.7859136E-04
   6511.00  3.8480422E-04
   6511.50  3.9121204E-04
   6512.00  3.9782402E-04
   6512.50  4.0464993E-04
   6513.00  4.1170016E-04
   6513.50  4.1898580E-04
   6514.00  4.2651865E-04
   6514.50  4.3431132E-04
   6515.00  4.4237729E-04
   6515.50  4.5073095E-04
   6516.00  4.5938773E-04
   6516.50  4.6836416E-04
   6517.00  4.7767800E-04
   6517.50  4.8734831E-04
   6518.00  4.9739561E-04
   6518.50  5.0784201E-04
   6519.00  5.1871135E-04
   6519.50  5.3002941E-04
   6520.00  5.4182404E-04
   6520.50  5.5412547E-04
   6521.00  5.6696646E-04
   6521.50  5.8038267E-04
   6522.00  5.9441289E-04
   6522.50  6.0909947E-04
   6523.00  6.2448869E-04
   6523.50  6.4063121E-04
   6524.00  6.5758267E-04
   6524.50  6.7540421E-04
   6525.00  6.9416326E-04
   6525.50  7.1393431E-04
   6526.00  7.3479984E-04
   6526.50  7.5685150E-04
   6527.00  7.8019130E-04
   6527.50  8.0493322E-04
   6528.00  8.3120494E-04
   6528.50  8.5915000E-04
   6529.00  8.8893033E-04
   6529.50  9.2072928E-04
   6530.00  9.5475533E-04
   6530.50  9.9124657E-04
   6531.00  1.0304762E-03
   6531.50  1.0727591E-03
   6532.00  1.1184609E-03
   6532.50  1.1680078E-03
   6533.00  1.2219010E-03
   6533.50  1.2807339E-03
   6534.00  1.3452157E-03
   6534.10  1.3588623E-03
   6534.20  1.3727761E-03
   6534.30  1.3869652E-03
   6534.40  1.4014379E-03
   6534.50  1.4162028E-03
   6534.60  1.4312691E-03
   6534.70  1.4466461E-03
   6534.80  1.4623437E-03
   6534.90  1.4783723E-03
   6535.00  1.4947426E-03
   6535.10  1.5114661E-03
   6535.20  1.5285544E-03
   6535.30  1.5460201E-03
   6535.40  1.5638763E-03
   6535.50  1.5821366E-03
   6535.60  1.6008156E-03
   6535.70  1.6199285E-03
   6535.80  1.6394913E-03
   6535.90  1.6595212E-03
   6536.00  1.6800360E-03
   6536.10  1.7010550E-03
   6536.20  1.7225984E-03
   6536.30  1.7446878E-03
   6536.40  1.7673464E-03
   6536.50  1.7905988E-03
   6536.60  1.8144716E-03
   6536.70  1.8389933E-03
   6536.80  1.8641949E-03
   6536.90  1.8901100E-03
   6537.00  1.9167750E-03
   6537.10  1.9442301E-03
   6537.20  1.9725195E-03
   6537.30  2.0016922E-03
   6537.40  2.0318030E-03
   6537.50  2.0629137E-03
   6537.60  2.0950943E-03
   6537.70  2.1284253E-03
   6537.80  2.1629994E-03
   6537.90  2.1989253E-03
   6538.00  2.2363304E-03
   6538.10  2.2753658E-03
   6538.20  2.3162097E-03
   6538.30  2.3590707E-03
   6538.40  2.4041856E-03
   6538.50  2.4518065E-03
   6538.60  2.5021660E-03
   6538.70  2.5554114E-03
   6538.80  2.6115145E-03
   6538.90  2.6702151E-03
   6539.00  2.7311480E-03
   6539.10  2.7943260E-03
   6539.20  2.8598496E-03
   6539.30  2.9282023E-03
   6539.40  3.0001827E-03
   6539.50  3.0766998E-03
   6539.60  3.1585803E-03
   6539.70  3.2463663E-03
   6539.80  3.3400394E-03
   6539.90  3.4386734E-03
   6540.00  3.5401644E-03
   6540.10  3.6413395E-03
   6540.20  3.7387205E-03
   6540.30  3.8298949E-03
   6540.40  3.9148589E-03
   6540.50  3.9963063E-03
   6540.60  4.0785007E-03
   6540.70  4.1656568E-03
   6540.80  4.2609568E-03
   6540.90  4.3664266E-03
   6541.00  4.4832586E-03
   6541.10  4.6121932E-03
   6541.20  4.7537968E-03
   6541.30  4.9086307E-03
   6541.40  5.0773462E-03
   6541.50  5.2607442E-03
   6541.60  5.4598186E-03
   6541.70  5.6757887E-03
   6541.80  5.9101239E-03
   6541.90  6.1645613E-03
   6542.00  6.4411209E-03
   6542.10  6.7421216E-03
   6542.20  7.0701942E-03
   6542.30  7.4282916E-03
   6542.40  7.8196914E-03
   6542.50  8.2479905E-03
   6542.60  8.7170940E-03
   6542.70  9.2312120E-03
   6542.80  9.7948830E-03
   6542.90  1.0413050E-02
   6543.00  1.1091200E-02
   6543.10  1.1835528E-02
   6543.20  1.2653031E-02
   6543.30  1.3551347E-02
   6543.40  1.4538178E-02
   6543.50  1.5620195E-02
   6543.60  1.6801509E-02
   6543.70  1.8082017E-02
   6543.80  1.9456075E-02
   6543.90  2.0912054E-02
   6544.00  2.2433162E-02
   6544.20  2.5591512E-02
   6544.40  2.8788289E-02
   6544.60  3.1945683E-02
   6544.80  3.5060920E-02
   6545.00  3.8185267E-02
   6545.20  4.1397523E-02
   6545.40  4.4767220E-02
   6545.60  4.8304708E-02
   6545.80  5.1935447E-02
   6546.00  5.5541378E-02
   6546.20  5.9039830E-02
   6546.40  6.2430758E-02
   6546.60  6.5776118E-02
   6546.80  6.9126634E-02
   6547.00  7.2459015E-02
   6547.20  7.5680003E-02
   6547.40  7.8693770E-02
   6547.60  8.1484680E-02
   6547.80  8.4149801E-02
   6548.00  8.6841112E-02
   6548.20  8.9661268E-02
   6548.40  9.2604865E-02
   6548.60  9.5576271E-02
   6548.80  9.8435597E-02
   6549.00  1.0102236E-01
   6549.20  1.0315787E-01
   6549.40  1.0465901E-01
   6549.60  1.0537729E-01
   6549.80  1.0524474E-01
   6550.00  1.0430115E-01
   6550.20  1.0268954E-01
   6550.40  1.0062231E-01
   6550.60  9.8332981E-02
   6550.80  9.6034384E-02
   6551.00  9.3894837E-02
   6551.20  9.2030763E-02
   6551.40  9.0508461E-02
   6551.60  8.9350304E-02
   6551.80  8.8543379E-02
   6552.00  8.8048851E-02
   6552.20  8.7810276E-02
   6552.40  8.7760135E-02
   6552.60  8.7825310E-02
   6552.80  8.7932546E-02
   6553.00  8.8014076E-02
   6553.20  8.8012608E-02
   6553.40  8.7884647E-02
   6553.60  8.7601787E-02
   6553.80  8.7150294E-02
   6554.00  8.6529594E-02
   6554.20  8.5750094E-02
   6554.40  8.4830631E-02
   6554.60  8.3795756E-02
   6554.80  8.2673089E-02
   6555.00  8.1490965E-02
   6555.20  8.0276521E-02
   6555.40  7.9054262E-02
   6555.60  7.7845132E-02
   6555.80  7.6666047E-02
   6556.00  7.5529847E-02
   6556.20  7.4445620E-02
   6556.40  7.3419275E-02
   6556.60  7.2454259E-02
   6556.80  7.1552284E-02
   6557.00  7.0713961E-02
   6557.20  6.9939266E-02
   6557.40  6.9227832E-02
   6557.60  6.8579056E-02
   6557.80  6.7992095E-02
   6558.00  6.7465781E-02
   6558.20  6.6998516E-02
   6558.40  6.6588183E-02
   6558.60  6.6232098E-02
   6558.80  6.5927004E-02
   6559.00  6.5669115E-02
   6560.00  6.4929023E-02
   6561.00  6.4660603E-02
   6562.00  6.4366349E-02
   6563.00  6.3815430E-02
   6564.00  6.2989203E-02
   6565.00  6.1929989E-02
   6566.00  6.0676265E-02
   6567.00  5.9281116E-02
   6568.00  5.7838223E-02
   6569.00  5.6470818E-02
   6570.00  5.5304607E-02
   6571.00  5.4449625E-02
   6572.00  5.3986070E-02
   6573.00  5.3950577E-02
   6574.00  5.4330360E-02
   6575.00  5.5070790E-02
   6576.00  5.6094058E-02
   6577.00  5.7319697E-02
   6578.00  5.8678109E-02
   6579.00  6.0115099E-02
   6580.00  6.1590637E-02
   6581.00  6.3075478E-02
   6582.00  6.4547374E-02
   6583.00  6.5986546E-02
   6584.00  6.7370119E-02
   6585.00  6.8667559E-02
   6586.00  6.9840601E-02
   6587.00  7.0849220E-02
   6588.00  7.1661228E-02
   6589.00  7.2260670E-02
   6590.00  7.2651543E-02
   6591.00  7.2856596E-02
   6592.00  7.2912431E-02
   6593.00  7.2861796E-02
   6594.00  7.2744707E-02
   6595.00  7.2591542E-02
   6596.00  7.2420674E-02
   6597.00  7.2240359E-02
   6598.00  7.2052556E-02
   6599.00  7.1856629E-02
   6600.00  7.1652132E-02
   6601.00  7.1440376E-02
   6602.00  7.1224377E-02
   6603.00  7.1006984E-02
   6604.00  7.0787937E-02
   6605.00  7.0561486E-02
   6606.00  7.0316158E-02
   6607.00  7.0037268E-02
   6608.00  6.9711499E-02
   6609.00  6.9331913E-02
   6610.00  6.8901498E-02
   6611.00  6.8433911E-02
   6612.00  6.7951248E-02
   6613.00  6.7479836E-02
   6614.00  6.7045611E-02
   6615.00  6.6670445E-02
   6616.00  6.6370051E-02
   6617.00  6.6153337E-02
   6618.00  6.6022593E-02
   6619.00  6.5974015E-02
   6620.00  6.5998373E-02
   6621.00  6.6081930E-02
   6622.00  6.6207760E-02
   6623.00  6.6357496E-02
   6624.00  6.6513370E-02
   6625.00  6.6660226E-02
   6626.00  6.6787081E-02
   6627.00  6.6887833E-02
   6628.00  6.6960998E-02
   6629.00  6.7008707E-02
   6630.00  6.7035421E-02
   6631.00  6.7046838E-02
   6632.00  6.7049135E-02
   6633.00  6.7048373E-02
   6634.00  6.7049841E-02
   6635.00  6.7057329E-02
   6636.00  6.7072606E-02
   6637.00  6.7095409E-02
   6638.00  6.7123955E-02
   6639.00  6.7155774E-02
