    Energy    <xanes>    
  11231.00  3.1419775E-03
  11231.50  3.1784361E-03
  11232.00  3.2156945E-03
  11232.50  3.2537792E-03
  11233.00  3.2927180E-03
  11233.50  3.3325397E-03
  11234.00  3.3732748E-03
  11234.50  3.4149549E-03
  11235.00  3.4576131E-03
  11235.50  3.5012844E-03
  11236.00  3.5460052E-03
  11236.50  3.5918137E-03
  11237.00  3.6387501E-03
  11237.50  3.6868565E-03
  11238.00  3.7361773E-03
  11238.50  3.7867590E-03
  11239.00  3.8386507E-03
  11239.50  3.8919039E-03
  11240.00  3.9465731E-03
  11240.50  4.0027156E-03
  11241.00  4.0603920E-03
  11241.50  4.1196662E-03
  11242.00  4.1806057E-03
  11242.50  4.2432821E-03
  11243.00  4.3077710E-03
  11243.50  4.3741527E-03
  11244.00  4.4425121E-03
  11244.50  4.5129397E-03
  11245.00  4.5855315E-03
  11245.50  4.6603895E-03
  11246.00  4.7376227E-03
  11246.50  4.8173468E-03
  11247.00  4.8996859E-03
  11247.50  4.9847720E-03
  11248.00  5.0727470E-03
  11248.50  5.1637624E-03
  11249.00  5.2579810E-03
  11249.50  5.3555777E-03
  11250.00  5.4567407E-03
  11250.50  5.5616728E-03
  11251.00  5.6705929E-03
  11251.50  5.7837378E-03
  11252.00  5.9013640E-03
  11252.50  6.0237497E-03
  11253.00  6.1511977E-03
  11253.50  6.2840379E-03
  11254.00  6.4226306E-03
  11254.50  6.5673704E-03
  11255.00  6.7186901E-03
  11255.50  6.8770663E-03
  11256.00  7.0430249E-03
  11256.50  7.2171478E-03
  11257.00  7.4000814E-03
  11257.50  7.5925459E-03
  11258.00  7.7953465E-03
  11258.50  8.0093876E-03
  11259.00  8.2356884E-03
  11259.50  8.4754035E-03
  11260.00  8.7298467E-03
  11260.50  9.0005210E-03
  11261.00  9.2891552E-03
  11261.50  9.5977504E-03
  11262.00  9.9286372E-03
  11262.50  1.0284549E-02
  11263.00  1.0668715E-02
  11263.50  1.1084980E-02
  11264.00  1.1537959E-02
  11264.50  1.2033233E-02
  11265.00  1.2577610E-02
  11265.50  1.3179452E-02
  11266.00  1.3849091E-02
  11266.10  1.3992231E-02
  11266.20  1.4138701E-02
  11266.30  1.4288621E-02
  11266.40  1.4442118E-02
  11266.50  1.4599322E-02
  11266.60  1.4760371E-02
  11266.70  1.4925407E-02
  11266.80  1.5094578E-02
  11266.90  1.5268038E-02
  11267.00  1.5445947E-02
  11267.10  1.5628471E-02
  11267.20  1.5815781E-02
  11267.30  1.6008054E-02
  11267.40  1.6205473E-02
  11267.50  1.6408226E-02
  11267.60  1.6616507E-02
  11267.70  1.6830511E-02
  11267.80  1.7050440E-02
  11267.90  1.7276496E-02
  11268.00  1.7508886E-02
  11268.10  1.7747813E-02
  11268.20  1.7993482E-02
  11268.30  1.8246092E-02
  11268.40  1.8505839E-02
  11268.50  1.8772907E-02
  11268.60  1.9047473E-02
  11268.70  1.9329696E-02
  11268.80  1.9619717E-02
  11268.90  1.9917651E-02
  11269.00  2.0223588E-02
  11269.10  2.0537582E-02
  11269.20  2.0859647E-02
  11269.30  2.1189749E-02
  11269.40  2.1527805E-02
  11269.50  2.1873668E-02
  11269.60  2.2227129E-02
  11269.70  2.2587906E-02
  11269.80  2.2955638E-02
  11269.90  2.3329887E-02
  11270.00  2.3710130E-02
  11270.10  2.4095761E-02
  11270.20  2.4486092E-02
  11270.30  2.4880362E-02
  11270.40  2.5277741E-02
  11270.50  2.5677346E-02
  11270.60  2.6078259E-02
  11270.70  2.6479542E-02
  11270.80  2.6880266E-02
  11270.90  2.7279537E-02
  11271.00  2.7676521E-02
  11271.10  2.8070711E-02
  11271.20  2.8461720E-02
  11271.30  2.8849085E-02
  11271.40  2.9232527E-02
  11271.50  2.9611971E-02
  11271.60  2.9987561E-02
  11271.70  3.0359665E-02
  11271.80  3.0728875E-02
  11271.90  3.1095999E-02
  11272.00  3.1462042E-02
  11272.10  3.1828185E-02
  11272.20  3.2195758E-02
  11272.30  3.2566207E-02
  11272.40  3.2941061E-02
  11272.50  3.3321897E-02
  11272.60  3.3710310E-02
  11272.70  3.4107877E-02
  11272.80  3.4516132E-02
  11272.90  3.4936540E-02
  11273.00  3.5370472E-02
  11273.10  3.5819191E-02
  11273.20  3.6283834E-02
  11273.30  3.6765402E-02
  11273.40  3.7264746E-02
  11273.50  3.7782566E-02
  11273.60  3.8319399E-02
  11273.70  3.8875618E-02
  11273.80  3.9451430E-02
  11273.90  4.0046872E-02
  11274.00  4.0661814E-02
  11274.10  4.1295956E-02
  11274.20  4.1948836E-02
  11274.30  4.2619831E-02
  11274.40  4.3308165E-02
  11274.50  4.4012921E-02
  11274.60  4.4733048E-02
  11274.70  4.5467380E-02
  11274.80  4.6214653E-02
  11274.90  4.6973521E-02
  11275.00  4.7742581E-02
  11275.10  4.8520395E-02
  11275.20  4.9305517E-02
  11275.30  5.0096511E-02
  11275.40  5.0891982E-02
  11275.50  5.1690596E-02
  11275.60  5.2491099E-02
  11275.70  5.3292338E-02
  11275.80  5.4093273E-02
  11275.90  5.4892991E-02
  11276.00  5.5690711E-02
  11276.20  5.7277727E-02
  11276.40  5.8850824E-02
  11276.60  6.0408601E-02
  11276.80  6.1951537E-02
  11277.00  6.3481740E-02
  11277.20  6.5002717E-02
  11277.40  6.6519204E-02
  11277.60  6.8037050E-02
  11277.80  6.9563131E-02
  11278.00  7.1105250E-02
  11278.20  7.2671981E-02
  11278.40  7.4272432E-02
  11278.60  7.5915926E-02
  11278.80  7.7611625E-02
  11279.00  7.9368135E-02
  11279.20  8.1193146E-02
  11279.40  8.3093141E-02
  11279.60  8.5073194E-02
  11279.80  8.7136874E-02
  11280.00  8.9286222E-02
  11280.20  9.1521794E-02
  11280.40  9.3842721E-02
  11280.60  9.6246779E-02
  11280.80  9.8730439E-02
  11281.00  1.0128889E-01
  11281.20  1.0391604E-01
  11281.40  1.0660453E-01
  11281.60  1.0934568E-01
  11281.80  1.1212957E-01
  11282.00  1.1494498E-01
  11282.20  1.1777949E-01
  11282.40  1.2061951E-01
  11282.60  1.2345039E-01
  11282.80  1.2625656E-01
  11283.00  1.2902172E-01
  11283.20  1.3172916E-01
  11283.40  1.3436208E-01
  11283.60  1.3690414E-01
  11283.80  1.3933998E-01
  11284.00  1.4165584E-01
  11284.20  1.4384012E-01
  11284.40  1.4588396E-01
  11284.60  1.4778153E-01
  11284.80  1.4953026E-01
  11285.00  1.5113082E-01
  11285.20  1.5258688E-01
  11285.40  1.5390469E-01
  11285.60  1.5509259E-01
  11285.80  1.5616044E-01
  11286.00  1.5711897E-01
  11286.20  1.5797931E-01
  11286.40  1.5875246E-01
  11286.60  1.5944896E-01
  11286.80  1.6007856E-01
  11287.00  1.6065008E-01
  11287.20  1.6117131E-01
  11287.40  1.6164895E-01
  11287.60  1.6208870E-01
  11287.80  1.6249534E-01
  11288.00  1.6287287E-01
  11288.20  1.6322464E-01
  11288.40  1.6355352E-01
  11288.60  1.6386209E-01
  11288.80  1.6415273E-01
  11289.00  1.6442781E-01
  11289.20  1.6468974E-01
  11289.40  1.6494104E-01
  11289.60  1.6518442E-01
  11289.80  1.6542277E-01
  11290.00  1.6565911E-01
  11290.20  1.6589662E-01
  11290.40  1.6613855E-01
  11290.60  1.6638817E-01
  11290.80  1.6664872E-01
  11291.00  1.6692332E-01
  11292.00  1.6860161E-01
  11293.00  1.7094753E-01
  11294.00  1.7398330E-01
  11295.00  1.7750134E-01
  11296.00  1.8113861E-01
  11297.00  1.8447856E-01
  11298.00  1.8714016E-01
  11299.00  1.8882681E-01
  11300.00  1.8933803E-01
  11301.00  1.8857196E-01
  11302.00  1.8654040E-01
  11303.00  1.8338887E-01
  11304.00  1.7939385E-01
  11305.00  1.7491812E-01
  11306.00  1.7033555E-01
  11307.00  1.6595851E-01
  11308.00  1.6199655E-01
  11309.00  1.5855294E-01
  11310.00  1.5564762E-01
  11311.00  1.5325027E-01
  11312.00  1.5131071E-01
  11313.00  1.4977992E-01
  11314.00  1.4861983E-01
  11315.00  1.4780386E-01
  11316.00  1.4731180E-01
  11317.00  1.4712327E-01
  11318.00  1.4721227E-01
  11319.00  1.4754442E-01
  11320.00  1.4807711E-01
  11321.00  1.4876237E-01
  11322.00  1.4955129E-01
  11323.00  1.5039847E-01
  11324.00  1.5126472E-01
  11325.00  1.5211743E-01
  11326.00  1.5292919E-01
  11327.00  1.5367622E-01
  11328.00  1.5433794E-01
  11329.00  1.5489837E-01
  11330.00  1.5534867E-01
  11331.00  1.5568984E-01
  11332.00  1.5593470E-01
  11333.00  1.5610850E-01
  11334.00  1.5624777E-01
  11335.00  1.5639741E-01
  11336.00  1.5660634E-01
  11337.00  1.5692213E-01
  11338.00  1.5738578E-01
  11339.00  1.5802755E-01
  11340.00  1.5886454E-01
  11341.00  1.5990042E-01
  11342.00  1.6112689E-01
  11343.00  1.6252627E-01
  11344.00  1.6407450E-01
  11345.00  1.6574367E-01
  11346.00  1.6750375E-01
  11347.00  1.6932323E-01
  11348.00  1.7116903E-01
  11349.00  1.7300604E-01
  11350.00  1.7479701E-01
  11351.00  1.7650342E-01
  11352.00  1.7808736E-01
  11353.00  1.7951427E-01
  11354.00  1.8075594E-01
  11355.00  1.8179294E-01
  11356.00  1.8261588E-01
  11357.00  1.8322524E-01
  11358.00  1.8362980E-01
  11359.00  1.8384408E-01
  11360.00  1.8388536E-01
  11361.00  1.8377099E-01
  11362.00  1.8351670E-01
  11363.00  1.8313607E-01
  11364.00  1.8264131E-01
  11365.00  1.8204486E-01
  11366.00  1.8136105E-01
  11367.00  1.8060741E-01
  11368.00  1.7980483E-01
  11369.00  1.7897675E-01
  11370.00  1.7814733E-01
  11371.00  1.7733912E-01
