    Energy    <xanes>    
   7072.00  1.3121436E-04
   7072.50  1.3280616E-04
   7073.00  1.3443441E-04
   7073.50  1.3610036E-04
   7074.00  1.3780532E-04
   7074.50  1.3955066E-04
   7075.00  1.4133782E-04
   7075.50  1.4316829E-04
   7076.00  1.4504366E-04
   7076.50  1.4696558E-04
   7077.00  1.4893578E-04
   7077.50  1.5095608E-04
   7078.00  1.5302840E-04
   7078.50  1.5515475E-04
   7079.00  1.5733723E-04
   7079.50  1.5957809E-04
   7080.00  1.6187966E-04
   7080.50  1.6424441E-04
   7081.00  1.6667496E-04
   7081.50  1.6917404E-04
   7082.00  1.7174456E-04
   7082.50  1.7438959E-04
   7083.00  1.7711237E-04
   7083.50  1.7991635E-04
   7084.00  1.8280515E-04
   7084.50  1.8578264E-04
   7085.00  1.8885291E-04
   7085.50  1.9202030E-04
   7086.00  1.9528943E-04
   7086.50  1.9866521E-04
   7087.00  2.0215288E-04
   7087.50  2.0575801E-04
   7088.00  2.0948656E-04
   7088.50  2.1334487E-04
   7089.00  2.1733975E-04
   7089.50  2.2147846E-04
   7090.00  2.2576880E-04
   7090.50  2.3021913E-04
   7091.00  2.3483843E-04
   7091.50  2.3963636E-04
   7092.00  2.4462332E-04
   7092.50  2.4981054E-04
   7093.00  2.5521012E-04
   7093.50  2.6083517E-04
   7094.00  2.6669988E-04
   7094.50  2.7281965E-04
   7095.00  2.7921122E-04
   7095.50  2.8589280E-04
   7096.00  2.9288426E-04
   7096.50  3.0020730E-04
   7097.00  3.0788568E-04
   7097.50  3.1594548E-04
   7098.00  3.2441535E-04
   7098.50  3.3332688E-04
   7099.00  3.4271495E-04
   7099.50  3.5261820E-04
   7100.00  3.6307952E-04
   7100.50  3.7414668E-04
   7101.00  3.8587301E-04
   7101.50  3.9831828E-04
   7102.00  4.1154968E-04
   7102.50  4.2564300E-04
   7103.00  4.4068408E-04
   7103.50  4.5677056E-04
   7104.00  4.7401397E-04
   7104.50  4.9254236E-04
   7105.00  5.1250345E-04
   7105.50  5.3406876E-04
   7106.00  5.5743860E-04
   7106.50  5.8284863E-04
   7107.00  6.1057835E-04
   7107.10  6.1643098E-04
   7107.20  6.2239253E-04
   7107.30  6.2846610E-04
   7107.40  6.3465491E-04
   7107.50  6.4096231E-04
   7107.60  6.4739179E-04
   7107.70  6.5394697E-04
   7107.80  6.6063163E-04
   7107.90  6.6744972E-04
   7108.00  6.7440535E-04
   7108.10  6.8150283E-04
   7108.20  6.8874662E-04
   7108.30  6.9614144E-04
   7108.40  7.0369219E-04
   7108.50  7.1140402E-04
   7108.60  7.1928232E-04
   7108.70  7.2733275E-04
   7108.80  7.3556128E-04
   7108.90  7.4397414E-04
   7109.00  7.5257795E-04
   7109.10  7.6137967E-04
   7109.20  7.7038663E-04
   7109.30  7.7960665E-04
   7109.40  7.8904796E-04
   7109.50  7.9871935E-04
   7109.60  8.0863020E-04
   7109.70  8.1879049E-04
   7109.80  8.2921096E-04
   7109.90  8.3990315E-04
   7110.00  8.5087954E-04
   7110.10  8.6215367E-04
   7110.20  8.7374033E-04
   7110.30  8.8565572E-04
   7110.40  8.9791777E-04
   7110.50  9.1054641E-04
   7110.60  9.2356401E-04
   7110.70  9.3699582E-04
   7110.80  9.5087061E-04
   7110.90  9.6522138E-04
   7111.00  9.8008611E-04
   7111.10  9.9550853E-04
   7111.20  1.0115384E-03
   7111.30  1.0282312E-03
   7111.40  1.0456449E-03
   7111.50  1.0638336E-03
   7111.60  1.0828336E-03
   7111.70  1.1026446E-03
   7111.80  1.1232080E-03
   7111.90  1.1444030E-03
   7112.00  1.1661487E-03
   7112.10  1.1884232E-03
   7112.20  1.2111779E-03
   7112.30  1.2344537E-03
   7112.40  1.2583582E-03
   7112.50  1.2830319E-03
   7112.60  1.3086207E-03
   7112.70  1.3352645E-03
   7112.80  1.3630952E-03
   7112.90  1.3922396E-03
   7113.00  1.4228234E-03
   7113.10  1.4549737E-03
   7113.20  1.4888202E-03
   7113.30  1.5244956E-03
   7113.40  1.5621377E-03
   7113.50  1.6018918E-03
   7113.60  1.6439142E-03
   7113.70  1.6883752E-03
   7113.80  1.7354621E-03
   7113.90  1.7853821E-03
   7114.00  1.8383654E-03
   7114.10  1.8946686E-03
   7114.20  1.9545776E-03
   7114.30  2.0184127E-03
   7114.40  2.0865326E-03
   7114.50  2.1593400E-03
   7114.60  2.2372884E-03
   7114.70  2.3208887E-03
   7114.80  2.4107180E-03
   7114.90  2.5074286E-03
   7115.00  2.6117592E-03
   7115.10  2.7245461E-03
   7115.20  2.8467372E-03
   7115.30  2.9794058E-03
   7115.40  3.1237668E-03
   7115.50  3.2811918E-03
   7115.60  3.4532266E-03
   7115.70  3.6416069E-03
   7115.80  3.8482747E-03
   7115.90  4.0753936E-03
   7116.00  4.3253587E-03
   7116.10  4.6007958E-03
   7116.20  4.9045317E-03
   7116.30  5.2395110E-03
   7116.40  5.6086287E-03
   7116.50  6.0144562E-03
   7116.60  6.4588678E-03
   7116.70  6.9426218E-03
   7116.80  7.4650064E-03
   7116.90  8.0237090E-03
   7117.00  8.6150681E-03
   7117.20  9.8788452E-03
   7117.40  1.1230058E-02
   7117.60  1.2655082E-02
   7117.80  1.4117087E-02
   7118.00  1.5517472E-02
   7118.20  1.6727602E-02
   7118.40  1.7684484E-02
   7118.60  1.8444457E-02
   7118.80  1.9125167E-02
   7119.00  1.9808156E-02
   7119.20  2.0503255E-02
   7119.40  2.1182834E-02
   7119.60  2.1829479E-02
   7119.80  2.2456338E-02
   7120.00  2.3099745E-02
   7120.20  2.3801052E-02
   7120.40  2.4593087E-02
   7120.60  2.5497430E-02
   7120.80  2.6528631E-02
   7121.00  2.7699164E-02
   7121.20  2.9021364E-02
   7121.40  3.0503714E-02
   7121.60  3.2140228E-02
   7121.80  3.3895899E-02
   7122.00  3.5694994E-02
   7122.20  3.7420219E-02
   7122.40  3.8931266E-02
   7122.60  4.0104917E-02
   7122.80  4.0879558E-02
   7123.00  4.1274632E-02
   7123.20  4.1373668E-02
   7123.40  4.1288538E-02
   7123.60  4.1128545E-02
   7123.80  4.0983558E-02
   7124.00  4.0918347E-02
   7124.20  4.0972537E-02
   7124.40  4.1162301E-02
   7124.60  4.1482738E-02
   7124.80  4.1911805E-02
   7125.00  4.2416474E-02
   7125.20  4.2960001E-02
   7125.40  4.3508119E-02
   7125.60  4.4032360E-02
   7125.80  4.4510332E-02
   7126.00  4.4924028E-02
   7126.20  4.5257599E-02
   7126.40  4.5495685E-02
   7126.60  4.5622922E-02
   7126.80  4.5624802E-02
   7127.00  4.5489698E-02
   7127.20  4.5211398E-02
   7127.40  4.4791273E-02
   7127.60  4.4239195E-02
   7127.80  4.3572762E-02
   7128.00  4.2814991E-02
   7128.20  4.1991177E-02
   7128.40  4.1125829E-02
   7128.60  4.0240414E-02
   7128.80  3.9352230E-02
   7129.00  3.8474302E-02
   7129.20  3.7615978E-02
   7129.40  3.6783823E-02
   7129.60  3.5982517E-02
   7129.80  3.5215570E-02
   7130.00  3.4485793E-02
   7130.20  3.3795550E-02
   7130.40  3.3146830E-02
   7130.60  3.2541218E-02
   7130.80  3.1979827E-02
   7131.00  3.1463231E-02
   7131.20  3.0991435E-02
   7131.40  3.0563887E-02
   7131.60  3.0179542E-02
   7131.80  2.9836947E-02
   7132.00  2.9534349E-02
   7133.00  2.8549723E-02
   7134.00  2.8246339E-02
   7135.00  2.8332418E-02
   7136.00  2.8519602E-02
   7137.00  2.8621548E-02
   7138.00  2.8582215E-02
   7139.00  2.8400019E-02
   7140.00  2.8064786E-02
   7141.00  2.7560952E-02
   7142.00  2.6900448E-02
   7143.00  2.6137693E-02
   7144.00  2.5354359E-02
   7145.00  2.4634132E-02
   7146.00  2.4045990E-02
   7147.00  2.3637803E-02
   7148.00  2.3435900E-02
   7149.00  2.3447319E-02
   7150.00  2.3663431E-02
   7151.00  2.4064631E-02
   7152.00  2.4624708E-02
   7153.00  2.5313510E-02
   7154.00  2.6098272E-02
   7155.00  2.6944765E-02
   7156.00  2.7818632E-02
   7157.00  2.8686417E-02
   7158.00  2.9516281E-02
   7159.00  3.0279465E-02
   7160.00  3.0953191E-02
   7161.00  3.1523780E-02
   7162.00  3.1987900E-02
   7163.00  3.2351292E-02
   7164.00  3.2626148E-02
   7165.00  3.2828466E-02
   7166.00  3.2975647E-02
   7167.00  3.3084024E-02
   7168.00  3.3166626E-02
   7169.00  3.3232133E-02
   7170.00  3.3285579E-02
   7171.00  3.3330101E-02
   7172.00  3.3368485E-02
   7173.00  3.3403742E-02
   7174.00  3.3438671E-02
   7175.00  3.3474674E-02
   7176.00  3.3510217E-02
   7177.00  3.3539548E-02
   7178.00  3.3552446E-02
   7179.00  3.3535525E-02
   7180.00  3.3475022E-02
   7181.00  3.3360284E-02
   7182.00  3.3186767E-02
   7183.00  3.2957453E-02
   7184.00  3.2682253E-02
   7185.00  3.2375682E-02
   7186.00  3.2053622E-02
   7187.00  3.1730205E-02
   7188.00  3.1415846E-02
   7189.00  3.1116916E-02
   7190.00  3.0836788E-02
   7191.00  3.0577336E-02
   7192.00  3.0340059E-02
   7193.00  3.0126504E-02
   7194.00  2.9938142E-02
   7195.00  2.9776033E-02
   7196.00  2.9640458E-02
   7197.00  2.9530665E-02
   7198.00  2.9444814E-02
   7199.00  2.9380238E-02
   7200.00  2.9333972E-02
   7201.00  2.9303405E-02
   7202.00  2.9286803E-02
   7203.00  2.9283518E-02
   7204.00  2.9293822E-02
   7205.00  2.9318479E-02
   7206.00  2.9358191E-02
   7207.00  2.9413051E-02
   7208.00  2.9482103E-02
   7209.00  2.9563087E-02
   7210.00  2.9652469E-02
   7211.00  2.9745829E-02
   7212.00  2.9838561E-02
