    Energy    <xanes>    
   9619.00  4.4064963E-04
   9619.50  4.4616861E-04
   9620.00  4.5196842E-04
   9620.50  4.5791251E-04
   9621.00  4.6400625E-04
   9621.50  4.7025530E-04
   9622.00  4.7666561E-04
   9622.50  4.8324343E-04
   9623.00  4.8999532E-04
   9623.50  4.9692820E-04
   9624.00  5.0404935E-04
   9624.50  5.1136644E-04
   9625.00  5.1888757E-04
   9625.50  5.2662126E-04
   9626.00  5.3457654E-04
   9626.50  5.4276293E-04
   9627.00  5.5119048E-04
   9627.50  5.5986987E-04
   9628.00  5.6881237E-04
   9628.50  5.7802995E-04
   9629.00  5.8753528E-04
   9629.50  5.9734182E-04
   9630.00  6.0746390E-04
   9630.50  6.1791671E-04
   9631.00  6.2871645E-04
   9631.50  6.3988036E-04
   9632.00  6.5142684E-04
   9632.50  6.6337553E-04
   9633.00  6.7574740E-04
   9633.50  6.8856488E-04
   9634.00  7.0185200E-04
   9634.50  7.1563452E-04
   9635.00  7.2994008E-04
   9635.50  7.4479836E-04
   9636.00  7.6024132E-04
   9636.50  7.7630337E-04
   9637.00  7.9302163E-04
   9637.50  8.1043618E-04
   9638.00  8.2859038E-04
   9638.50  8.4753119E-04
   9639.00  8.6730956E-04
   9639.50  8.8798083E-04
   9640.00  9.0960524E-04
   9640.50  9.3224846E-04
   9641.00  9.5598222E-04
   9641.50  9.8088497E-04
   9642.00  1.0070427E-03
   9642.50  1.0345500E-03
   9643.00  1.0635108E-03
   9643.50  1.0940398E-03
   9644.00  1.1262640E-03
   9644.50  1.1603239E-03
   9645.00  1.1963759E-03
   9645.50  1.2345942E-03
   9646.00  1.2751732E-03
   9646.50  1.3183311E-03
   9647.00  1.3643132E-03
   9647.50  1.4133961E-03
   9648.00  1.4658929E-03
   9648.50  1.5221597E-03
   9649.00  1.5826027E-03
   9649.50  1.6476873E-03
   9650.00  1.7179497E-03
   9650.50  1.7940104E-03
   9651.00  1.8765916E-03
   9651.50  1.9665392E-03
   9652.00  2.0648506E-03
   9652.50  2.1727106E-03
   9653.00  2.2915399E-03
   9653.50  2.4230584E-03
   9654.00  2.5693750E-03
   9654.04  2.5812038E-03
   9654.14  2.6125756E-03
   9654.24  2.6444048E-03
   9654.29  2.6598653E-03
   9654.39  2.6932127E-03
   9654.49  2.7273519E-03
   9654.59  2.7623118E-03
   9654.69  2.7981227E-03
   9654.79  2.8348167E-03
   9654.89  2.8724275E-03
   9654.99  2.9109910E-03
   9655.09  2.9505450E-03
   9655.19  2.9911298E-03
   9655.29  3.0327880E-03
   9655.39  3.0755652E-03
   9655.49  3.1195100E-03
   9655.59  3.1646743E-03
   9655.69  3.2111140E-03
   9655.79  3.2588891E-03
   9655.89  3.3080642E-03
   9655.99  3.3587094E-03
   9656.09  3.4109009E-03
   9656.19  3.4647216E-03
   9656.29  3.5202624E-03
   9656.39  3.5776230E-03
   9656.49  3.6369135E-03
   9656.59  3.6982560E-03
   9656.69  3.7617859E-03
   9656.79  3.8276543E-03
   9656.89  3.8960297E-03
   9656.99  3.9671000E-03
   9657.09  4.0410740E-03
   9657.19  4.1181811E-03
   9657.29  4.1986692E-03
   9657.39  4.2827979E-03
   9657.49  4.3708242E-03
   9657.59  4.4629781E-03
   9657.69  4.5594232E-03
   9657.79  4.6602026E-03
   9657.89  4.7651758E-03
   9657.99  4.8739619E-03
   9658.09  4.9859741E-03
   9658.19  5.1007124E-03
   9658.29  5.2174755E-03
   9658.39  5.3356318E-03
   9658.49  5.4549897E-03
   9658.59  5.5759415E-03
   9658.69  5.6994070E-03
   9658.79  5.8266282E-03
   9658.89  5.9589211E-03
   9658.99  6.0974823E-03
   9659.09  6.2432873E-03
   9659.19  6.3970664E-03
   9659.29  6.5593273E-03
   9659.39  6.7304031E-03
   9659.49  6.9105176E-03
   9659.59  7.0998755E-03
   9659.69  7.2987741E-03
   9659.79  7.5077180E-03
   9659.89  7.7275034E-03
   9659.99  7.9592372E-03
   9660.09  8.2042903E-03
   9660.19  8.4642135E-03
   9660.29  8.7406595E-03
   9660.39  9.0353399E-03
   9660.49  9.3500195E-03
   9660.59  9.6865379E-03
   9660.69  1.0046841E-02
   9660.79  1.0433014E-02
   9660.89  1.0847306E-02
   9660.99  1.1292143E-02
   9661.09  1.1770131E-02
   9661.19  1.2284044E-02
   9661.29  1.2836810E-02
   9661.39  1.3431498E-02
   9661.49  1.4071336E-02
   9661.59  1.4759781E-02
   9661.69  1.5500678E-02
   9661.79  1.6298499E-02
   9661.89  1.7158635E-02
   9661.99  1.8087671E-02
   9662.09  1.9093571E-02
   9662.19  2.0185712E-02
   9662.29  2.1374776E-02
   9662.39  2.2672497E-02
   9662.49  2.4091300E-02
   9662.59  2.5643857E-02
   9662.69  2.7342559E-02
   9662.79  2.9198876E-02
   9662.89  3.1222612E-02
   9662.99  3.3421018E-02
   9663.09  3.5797821E-02
   9663.19  3.8352272E-02
   9663.29  4.1078376E-02
   9663.39  4.3964501E-02
   9663.49  4.6993531E-02
   9663.59  5.0143591E-02
   9663.69  5.3389196E-02
   9663.79  5.6702480E-02
   9663.89  6.0054148E-02
   9663.99  6.3413883E-02
   9664.09  6.6750366E-02
   9664.19  7.0029166E-02
   9664.29  7.3206036E-02
   9664.49  7.9171887E-02
   9664.69  8.4440007E-02
   9664.89  8.8929184E-02
   9665.09  9.2702521E-02
   9665.29  9.5899387E-02
   9665.49  9.8645989E-02
   9665.69  1.0103010E-01
   9665.89  1.0314076E-01
   9666.09  1.0510264E-01
   9666.29  1.0706149E-01
   9666.49  1.0913884E-01
   9666.69  1.1139180E-01
   9666.89  1.1379625E-01
   9667.09  1.1625627E-01
   9667.29  1.1863531E-01
   9667.49  1.2079648E-01
   9667.69  1.2263414E-01
   9667.89  1.2408209E-01
   9668.09  1.2509752E-01
   9668.29  1.2563513E-01
   9668.49  1.2563187E-01
   9668.69  1.2501682E-01
   9668.89  1.2374485E-01
   9669.09  1.2183456E-01
   9669.29  1.1938473E-01
   9669.49  1.1655743E-01
   9669.69  1.1353867E-01
   9669.89  1.1049965E-01
   9670.09  1.0757457E-01
   9670.29  1.0485580E-01
   9670.49  1.0239825E-01
   9670.69  1.0022495E-01
   9670.89  9.8331125E-02
   9671.09  9.6688296E-02
   9671.29  9.5250013E-02
   9671.49  9.3959374E-02
   9671.69  9.2756933E-02
   9671.89  9.1587372E-02
   9672.09  9.0404018E-02
   9672.29  8.9171112E-02
   9672.49  8.7864348E-02
   9672.69  8.6470277E-02
   9672.89  8.4985142E-02
   9673.09  8.3413521E-02
   9673.29  8.1766961E-02
   9673.49  8.0062614E-02
   9673.69  7.8321785E-02
   9673.89  7.6568323E-02
   9674.09  7.4826856E-02
   9674.29  7.3121034E-02
   9674.49  7.1471982E-02
   9674.69  6.9897159E-02
   9674.89  6.8409745E-02
   9675.09  6.7018575E-02
   9675.29  6.5728511E-02
   9675.49  6.4541117E-02
   9675.69  6.3455474E-02
   9675.89  6.2468979E-02
   9676.09  6.1578032E-02
   9676.29  6.0778563E-02
   9676.49  6.0066372E-02
   9676.69  5.9437316E-02
   9676.89  5.8887361E-02
   9677.09  5.8412566E-02
   9677.29  5.8009013E-02
   9677.49  5.7672747E-02
   9677.69  5.7399734E-02
   9677.89  5.7185845E-02
   9678.09  5.7026878E-02
   9678.29  5.6918600E-02
   9678.49  5.6856800E-02
   9678.69  5.6837331E-02
   9678.89  5.6856146E-02
   9679.09  5.6921203E-02
   9679.29  5.7033159E-02
   9680.29  5.7754056E-02
   9681.29  5.8712191E-02
   9682.29  5.9555686E-02
   9683.29  6.0078010E-02
   9684.29  6.0186188E-02
   9685.29  5.9825409E-02
   9686.29  5.8978110E-02
   9687.29  5.7719526E-02
   9688.29  5.6235764E-02
   9689.29  5.4771993E-02
   9690.29  5.3554616E-02
   9691.29  5.2742786E-02
   9692.29  5.2423051E-02
   9693.29  5.2625123E-02
   9694.29  5.3337457E-02
   9695.29  5.4517771E-02
   9696.29  5.6101557E-02
   9697.29  5.8010014E-02
   9698.29  6.0155360E-02
   9699.29  6.2442012E-02
   9700.29  6.4766567E-02
   9701.29  6.7022153E-02
   9702.29  6.9109229E-02
   9703.29  7.0948986E-02
   9704.29  7.2493201E-02
   9705.29  7.3727027E-02
   9706.29  7.4664532E-02
   9707.29  7.5338857E-02
   9708.29  7.5790345E-02
   9709.29  7.6056615E-02
   9710.29  7.6167007E-02
   9711.29  7.6141385E-02
   9712.29  7.5991876E-02
   9713.29  7.5726266E-02
   9714.29  7.5352301E-02
   9715.29  7.4882007E-02
   9716.29  7.4334438E-02
   9717.29  7.3735430E-02
   9718.29  7.3114220E-02
   9719.29  7.2498242E-02
   9720.29  7.1907874E-02
   9721.29  7.1352669E-02
   9722.29  7.0830054E-02
   9723.29  7.0327014E-02
   9724.29  6.9824535E-02
   9725.29  6.9303809E-02
   9726.29  6.8752555E-02
   9727.29  6.8169644E-02
   9728.29  6.7566653E-02
   9729.29  6.6965837E-02
   9730.29  6.6395160E-02
   9731.29  6.5881979E-02
   9732.29  6.5447335E-02
   9733.29  6.5102471E-02
   9734.29  6.4848299E-02
   9735.29  6.4677561E-02
   9736.29  6.4578604E-02
   9737.29  6.4539378E-02
   9738.29  6.4550420E-02
   9739.29  6.4606175E-02
   9740.29  6.4704675E-02
   9741.29  6.4846104E-02
   9742.29  6.5031039E-02
   9743.29  6.5259075E-02
   9744.29  6.5528244E-02
   9745.29  6.5835263E-02
   9746.29  6.6176295E-02
   9747.29  6.6547780E-02
   9748.29  6.6947017E-02
   9749.29  6.7372393E-02
   9750.29  6.7823263E-02
   9751.29  6.8299502E-02
   9752.29  6.8800679E-02
   9753.29  6.9324940E-02
   9754.29  6.9867845E-02
   9755.29  7.0421641E-02
   9756.29  7.0975415E-02
   9757.29  7.1516316E-02
   9758.29  7.2031557E-02
