    Energy    <xanes>    
   7072.00  1.2936097E-04
   7072.50  1.3088825E-04
   7073.00  1.3244948E-04
   7073.50  1.3404580E-04
   7074.00  1.3567839E-04
   7074.50  1.3734850E-04
   7075.00  1.3905741E-04
   7075.50  1.4080648E-04
   7076.00  1.4259713E-04
   7076.50  1.4443084E-04
   7077.00  1.4630916E-04
   7077.50  1.4823374E-04
   7078.00  1.5020628E-04
   7078.50  1.5222857E-04
   7079.00  1.5430250E-04
   7079.50  1.5643006E-04
   7080.00  1.5861333E-04
   7080.50  1.6085451E-04
   7081.00  1.6315589E-04
   7081.50  1.6551992E-04
   7082.00  1.6794917E-04
   7082.50  1.7044634E-04
   7083.00  1.7301428E-04
   7083.50  1.7565602E-04
   7084.00  1.7837475E-04
   7084.50  1.8117386E-04
   7085.00  1.8405691E-04
   7085.50  1.8702771E-04
   7086.00  1.9009028E-04
   7086.50  1.9324889E-04
   7087.00  1.9650809E-04
   7087.50  1.9987270E-04
   7088.00  2.0334788E-04
   7088.50  2.0693911E-04
   7089.00  2.1065223E-04
   7089.50  2.1449351E-04
   7090.00  2.1846962E-04
   7090.50  2.2258772E-04
   7091.00  2.2685549E-04
   7091.50  2.3128115E-04
   7092.00  2.3587356E-04
   7092.50  2.4064224E-04
   7093.00  2.4559744E-04
   7093.50  2.5075024E-04
   7094.00  2.5611262E-04
   7094.50  2.6169752E-04
   7095.00  2.6751900E-04
   7095.50  2.7359234E-04
   7096.00  2.7993415E-04
   7096.50  2.8656257E-04
   7097.00  2.9349740E-04
   7097.50  3.0076035E-04
   7098.00  3.0837527E-04
   7098.50  3.1636838E-04
   7099.00  3.2476866E-04
   7099.50  3.3360818E-04
   7100.00  3.4292257E-04
   7100.50  3.5275155E-04
   7101.00  3.6313956E-04
   7101.50  3.7413655E-04
   7102.00  3.8579890E-04
   7102.50  3.9819062E-04
   7103.00  4.1138480E-04
   7103.50  4.2546551E-04
   7104.00  4.4053015E-04
   7104.50  4.5669273E-04
   7105.00  4.7408812E-04
   7105.50  4.9287805E-04
   7106.00  5.1325972E-04
   7106.50  5.3547846E-04
   7107.00  5.5984743E-04
   7107.10  5.6501332E-04
   7107.20  5.7028516E-04
   7107.30  5.7566711E-04
   7107.40  5.8116362E-04
   7107.50  5.8677945E-04
   7107.60  5.9251970E-04
   7107.70  5.9838987E-04
   7107.80  6.0439588E-04
   7107.90  6.1054411E-04
   7108.00  6.1684150E-04
   7108.10  6.2329555E-04
   7108.20  6.2991445E-04
   7108.30  6.3670714E-04
   7108.40  6.4368342E-04
   7108.50  6.5085403E-04
   7108.60  6.5823085E-04
   7108.70  6.6582699E-04
   7108.80  6.7365703E-04
   7108.90  6.8173720E-04
   7109.00  6.9008567E-04
   7109.10  6.9872287E-04
   7109.20  7.0767181E-04
   7109.30  7.1695862E-04
   7109.40  7.2661301E-04
   7109.50  7.3666899E-04
   7109.60  7.4716567E-04
   7109.70  7.5814826E-04
   7109.80  7.6966928E-04
   7109.90  7.8179015E-04
   7110.00  7.9458302E-04
   7110.10  8.0813324E-04
   7110.20  8.2254237E-04
   7110.30  8.3793197E-04
   7110.40  8.5444857E-04
   7110.50  8.7226985E-04
   7110.60  8.9161266E-04
   7110.70  9.1274329E-04
   7110.80  9.3599058E-04
   7110.90  9.6176250E-04
   7111.00  9.9056688E-04
   7111.10  1.0230364E-03
   7111.20  1.0599568E-03
   7111.30  1.1022948E-03
   7111.40  1.1512157E-03
   7111.50  1.2080711E-03
   7111.60  1.2743152E-03
   7111.70  1.3512861E-03
   7111.80  1.4397586E-03
   7111.90  1.5391766E-03
   7112.00  1.6465442E-03
   7112.10  1.7551908E-03
   7112.20  1.8539409E-03
   7112.30  1.9286323E-03
   7112.40  1.9668388E-03
   7112.50  1.9639808E-03
   7112.60  1.9259810E-03
   7112.70  1.8658527E-03
   7112.80  1.7974281E-03
   7112.90  1.7310182E-03
   7113.00  1.6724354E-03
   7113.10  1.6240000E-03
   7113.20  1.5859530E-03
   7113.30  1.5575400E-03
   7113.40  1.5376623E-03
   7113.50  1.5252052E-03
   7113.60  1.5191782E-03
   7113.70  1.5187558E-03
   7113.80  1.5232750E-03
   7113.90  1.5322153E-03
   7114.00  1.5451761E-03
   7114.10  1.5618555E-03
   7114.20  1.5820317E-03
   7114.30  1.6055481E-03
   7114.40  1.6323009E-03
   7114.50  1.6622311E-03
   7114.60  1.6953193E-03
   7114.70  1.7315839E-03
   7114.80  1.7710795E-03
   7114.90  1.8138970E-03
   7115.00  1.8601629E-03
   7115.10  1.9100405E-03
   7115.20  1.9637306E-03
   7115.30  2.0214750E-03
   7115.40  2.0835591E-03
   7115.50  2.1503173E-03
   7115.60  2.2221377E-03
   7115.70  2.2994698E-03
   7115.80  2.3828316E-03
   7115.90  2.4728194E-03
   7116.00  2.5701185E-03
   7116.10  2.6755153E-03
   7116.20  2.7899102E-03
   7116.30  2.9143321E-03
   7116.40  3.0499511E-03
   7116.50  3.1980897E-03
   7116.60  3.3602290E-03
   7116.70  3.5380060E-03
   7116.80  3.7331961E-03
   7116.90  3.9476752E-03
   7117.00  4.1833521E-03
   7117.20  4.7253964E-03
   7117.40  5.3697002E-03
   7117.60  6.1141866E-03
   7117.80  6.9371228E-03
   7118.00  7.8050261E-03
   7118.20  8.6996074E-03
   7118.40  9.6321605E-03
   7118.60  1.0620086E-02
   7118.80  1.1651479E-02
   7119.00  1.2674692E-02
   7119.20  1.3623897E-02
   7119.40  1.4462839E-02
   7119.60  1.5206883E-02
   7119.80  1.5902057E-02
   7120.00  1.6589142E-02
   7120.20  1.7291116E-02
   7120.40  1.8025969E-02
   7120.60  1.8820568E-02
   7120.80  1.9709433E-02
   7121.00  2.0723330E-02
   7121.20  2.1880655E-02
   7121.40  2.3187035E-02
   7121.60  2.4639571E-02
   7121.80  2.6229641E-02
   7122.00  2.7940580E-02
   7122.20  2.9740329E-02
   7122.40  3.1573459E-02
   7122.60  3.3360505E-02
   7122.80  3.5010743E-02
   7123.00  3.6445204E-02
   7123.20  3.7616630E-02
   7123.40  3.8513426E-02
   7123.60  3.9146885E-02
   7123.80  3.9533812E-02
   7124.00  3.9688412E-02
   7124.20  3.9627166E-02
   7124.40  3.9379012E-02
   7124.60  3.8990492E-02
   7124.80  3.8521643E-02
   7125.00  3.8035677E-02
   7125.20  3.7588198E-02
   7125.40  3.7220276E-02
   7125.60  3.6956659E-02
   7125.80  3.6807865E-02
   7126.00  3.6773880E-02
   7126.20  3.6847655E-02
   7126.40  3.7017698E-02
   7126.60  3.7269847E-02
   7126.80  3.7588578E-02
   7127.00  3.7957989E-02
   7127.20  3.8362474E-02
   7127.40  3.8787013E-02
   7127.60  3.9217152E-02
   7127.80  3.9638791E-02
   7128.00  4.0037992E-02
   7128.20  4.0400967E-02
   7128.40  4.0714348E-02
   7128.60  4.0965744E-02
   7128.80  4.1144488E-02
   7129.00  4.1242448E-02
   7129.20  4.1254721E-02
   7129.40  4.1180084E-02
   7129.60  4.1021100E-02
   7129.80  4.0783840E-02
   7130.00  4.0477277E-02
   7130.20  4.0112431E-02
   7130.40  3.9701407E-02
   7130.60  3.9256458E-02
   7130.80  3.8789204E-02
   7131.00  3.8310054E-02
   7131.20  3.7827871E-02
   7131.40  3.7349855E-02
   7131.60  3.6881583E-02
   7131.80  3.6427162E-02
   7132.00  3.5989431E-02
   7133.00  3.4086928E-02
   7134.00  3.2618809E-02
   7135.00  3.1463959E-02
   7136.00  3.0551026E-02
   7137.00  2.9857737E-02
   7138.00  2.9372419E-02
   7139.00  2.9082701E-02
   7140.00  2.8967057E-02
   7141.00  2.8971509E-02
   7142.00  2.8998126E-02
   7143.00  2.8935319E-02
   7144.00  2.8713588E-02
   7145.00  2.8333486E-02
   7146.00  2.7847991E-02
   7147.00  2.7329662E-02
   7148.00  2.6847468E-02
   7149.00  2.6454902E-02
   7150.00  2.6184380E-02
   7151.00  2.6046599E-02
   7152.00  2.6034731E-02
   7153.00  2.6131121E-02
   7154.00  2.6313772E-02
   7155.00  2.6561420E-02
   7156.00  2.6856716E-02
   7157.00  2.7186835E-02
   7158.00  2.7541712E-02
   7159.00  2.7911852E-02
   7160.00  2.8287948E-02
   7161.00  2.8662529E-02
   7162.00  2.9031706E-02
   7163.00  2.9395006E-02
   7164.00  2.9753063E-02
   7165.00  3.0104751E-02
   7166.00  3.0445790E-02
   7167.00  3.0769526E-02
   7168.00  3.1068889E-02
   7169.00  3.1337957E-02
   7170.00  3.1572594E-02
   7171.00  3.1770614E-02
   7172.00  3.1932009E-02
   7173.00  3.2059281E-02
   7174.00  3.2157587E-02
   7175.00  3.2234273E-02
   7176.00  3.2297455E-02
   7177.00  3.2353744E-02
   7178.00  3.2405983E-02
   7179.00  3.2452393E-02
   7180.00  3.2488020E-02
   7181.00  3.2507938E-02
   7182.00  3.2510305E-02
   7183.00  3.2497492E-02
   7184.00  3.2474987E-02
   7185.00  3.2449340E-02
   7186.00  3.2426599E-02
   7187.00  3.2411721E-02
   7188.00  3.2408440E-02
   7189.00  3.2418943E-02
   7190.00  3.2443226E-02
   7191.00  3.2478657E-02
   7192.00  3.2520344E-02
   7193.00  3.2562485E-02
   7194.00  3.2600191E-02
   7195.00  3.2630902E-02
   7196.00  3.2654720E-02
   7197.00  3.2673610E-02
   7198.00  3.2689966E-02
   7199.00  3.2705232E-02
   7200.00  3.2719021E-02
   7201.00  3.2728830E-02
   7202.00  3.2730325E-02
   7203.00  3.2718123E-02
   7204.00  3.2686926E-02
   7205.00  3.2632763E-02
   7206.00  3.2554033E-02
   7207.00  3.2452056E-02
   7208.00  3.2331003E-02
   7209.00  3.2197198E-02
   7210.00  3.2057995E-02
   7211.00  3.1920522E-02
   7212.00  3.1790623E-02
