    Energy    <xanes>    
   7072.00  2.6556828E-04
   7072.50  2.6876063E-04
   7073.00  2.7202546E-04
   7073.50  2.7536527E-04
   7074.00  2.7878262E-04
   7074.50  2.8228023E-04
   7075.00  2.8586092E-04
   7075.50  2.8952767E-04
   7076.00  2.9328358E-04
   7076.50  2.9713191E-04
   7077.00  3.0107609E-04
   7077.50  3.0511969E-04
   7078.00  3.0926648E-04
   7078.50  3.1352044E-04
   7079.00  3.1788572E-04
   7079.50  3.2236669E-04
   7080.00  3.2696799E-04
   7080.50  3.3169446E-04
   7081.00  3.3655123E-04
   7081.50  3.4154370E-04
   7082.00  3.4667758E-04
   7082.50  3.5195890E-04
   7083.00  3.5739404E-04
   7083.50  3.6298972E-04
   7084.00  3.6875310E-04
   7084.50  3.7469175E-04
   7085.00  3.8081368E-04
   7085.50  3.8712743E-04
   7086.00  3.9364204E-04
   7086.50  4.0036714E-04
   7087.00  4.0731298E-04
   7087.50  4.1449048E-04
   7088.00  4.2191129E-04
   7088.50  4.2958785E-04
   7089.00  4.3753344E-04
   7089.50  4.4576229E-04
   7090.00  4.5428963E-04
   7090.50  4.6313181E-04
   7091.00  4.7230637E-04
   7091.50  4.8183217E-04
   7092.00  4.9172953E-04
   7092.50  5.0202035E-04
   7093.00  5.1272825E-04
   7093.50  5.2387881E-04
   7094.00  5.3549971E-04
   7094.50  5.4762095E-04
   7095.00  5.6027517E-04
   7095.50  5.7349786E-04
   7096.00  5.8732772E-04
   7096.50  6.0180705E-04
   7097.00  6.1698213E-04
   7097.50  6.3290373E-04
   7098.00  6.4962770E-04
   7098.50  6.6721555E-04
   7099.00  6.8573525E-04
   7099.50  7.0526211E-04
   7100.00  7.2587976E-04
   7100.50  7.4768140E-04
   7101.00  7.7077119E-04
   7101.50  7.9526597E-04
   7102.00  8.2129728E-04
   7102.50  8.4901380E-04
   7103.00  8.7858438E-04
   7103.50  9.1020165E-04
   7104.00  9.4408662E-04
   7104.50  9.8049443E-04
   7105.00  1.0197217E-03
   7105.50  1.0621160E-03
   7106.00  1.1080888E-03
   7106.50  1.1581330E-03
   7107.00  1.2128476E-03
   7107.10  1.2244133E-03
   7107.20  1.2362016E-03
   7107.30  1.2482196E-03
   7107.40  1.2604748E-03
   7107.50  1.2729752E-03
   7107.60  1.2857289E-03
   7107.70  1.2987447E-03
   7107.80  1.3120318E-03
   7107.90  1.3256001E-03
   7108.00  1.3394599E-03
   7108.10  1.3536223E-03
   7108.20  1.3680991E-03
   7108.30  1.3829030E-03
   7108.40  1.3980473E-03
   7108.50  1.4135466E-03
   7108.60  1.4294165E-03
   7108.70  1.4456740E-03
   7108.80  1.4623373E-03
   7108.90  1.4794265E-03
   7109.00  1.4969633E-03
   7109.10  1.5149718E-03
   7109.20  1.5334784E-03
   7109.30  1.5525125E-03
   7109.40  1.5721068E-03
   7109.50  1.5922980E-03
   7109.60  1.6131276E-03
   7109.70  1.6346427E-03
   7109.80  1.6568972E-03
   7109.90  1.6799531E-03
   7110.00  1.7038825E-03
   7110.10  1.7287698E-03
   7110.20  1.7547146E-03
   7110.30  1.7818352E-03
   7110.40  1.8102735E-03
   7110.50  1.8402011E-03
   7110.60  1.8718267E-03
   7110.70  1.9054056E-03
   7110.80  1.9412516E-03
   7110.90  1.9797498E-03
   7111.00  2.0213708E-03
   7111.10  2.0666801E-03
   7111.20  2.1163355E-03
   7111.30  2.1710519E-03
   7111.40  2.2314990E-03
   7111.50  2.2980740E-03
   7111.60  2.3704902E-03
   7111.70  2.4471853E-03
   7111.80  2.5247873E-03
   7111.90  2.5982345E-03
   7112.00  2.6622206E-03
   7112.10  2.7136832E-03
   7112.20  2.7530605E-03
   7112.30  2.7839730E-03
   7112.40  2.8113049E-03
   7112.50  2.8394585E-03
   7112.60  2.8716338E-03
   7112.70  2.9098968E-03
   7112.80  2.9555265E-03
   7112.90  3.0093133E-03
   7113.00  3.0716774E-03
   7113.10  3.1425634E-03
   7113.20  3.2211079E-03
   7113.30  3.3051593E-03
   7113.40  3.3909537E-03
   7113.50  3.4735119E-03
   7113.60  3.5481903E-03
   7113.70  3.6128421E-03
   7113.80  3.6690148E-03
   7113.90  3.7211570E-03
   7114.00  3.7746044E-03
   7114.10  3.8338797E-03
   7114.20  3.9020304E-03
   7114.30  3.9807773E-03
   7114.40  4.0709724E-03
   7114.50  4.1730371E-03
   7114.60  4.2872700E-03
   7114.70  4.4140279E-03
   7114.80  4.5538223E-03
   7114.90  4.7073653E-03
   7115.00  4.8755895E-03
   7115.10  5.0596510E-03
   7115.20  5.2609161E-03
   7115.30  5.4809246E-03
   7115.40  5.7213166E-03
   7115.50  5.9837066E-03
   7115.60  6.2694918E-03
   7115.70  6.5796001E-03
   7115.80  6.9142229E-03
   7115.90  7.2726369E-03
   7116.00  7.6532649E-03
   7116.10  8.0541047E-03
   7116.20  8.4735242E-03
   7116.30  8.9112170E-03
   7116.40  9.3689609E-03
   7116.50  9.8508411E-03
   7116.60  1.0362826E-02
   7116.70  1.0911862E-02
   7116.80  1.1504801E-02
   7116.90  1.2147396E-02
   7117.00  1.2843558E-02
   7117.20  1.4401640E-02
   7117.40  1.6174899E-02
   7117.60  1.8158448E-02
   7117.80  2.0369793E-02
   7118.00  2.2836242E-02
   7118.20  2.5553109E-02
   7118.40  2.8458387E-02
   7118.60  3.1458692E-02
   7118.80  3.4486706E-02
   7119.00  3.7527691E-02
   7119.20  4.0588612E-02
   7119.40  4.3656148E-02
   7119.60  4.6687675E-02
   7119.80  4.9634910E-02
   7120.00  5.2485776E-02
   7120.20  5.5294184E-02
   7120.40  5.8161161E-02
   7120.60  6.1170992E-02
   7120.80  6.4330251E-02
   7121.00  6.7552489E-02
   7121.20  7.0687656E-02
   7121.40  7.3565905E-02
   7121.60  7.6030687E-02
   7121.80  7.7958763E-02
   7122.00  7.9274888E-02
   7122.20  7.9960635E-02
   7122.40  8.0055808E-02
   7122.60  7.9656529E-02
   7122.80  7.8905944E-02
   7123.00  7.7967071E-02
   7123.20  7.6982997E-02
   7123.40  7.6046734E-02
   7123.60  7.5196476E-02
   7123.80  7.4431885E-02
   7124.00  7.3736256E-02
   7124.20  7.3093057E-02
   7124.40  7.2494181E-02
   7124.60  7.1942622E-02
   7124.80  7.1452603E-02
   7125.00  7.1048030E-02
   7125.20  7.0758968E-02
   7125.40  7.0616414E-02
   7125.60  7.0646614E-02
   7125.80  7.0866310E-02
   7126.00  7.1279652E-02
   7126.20  7.1876877E-02
   7126.40  7.2634718E-02
   7126.60  7.3518499E-02
   7126.80  7.4485712E-02
   7127.00  7.5490530E-02
   7127.20  7.6488412E-02
   7127.40  7.7439906E-02
   7127.60  7.8312986E-02
   7127.80  7.9083693E-02
   7128.00  7.9735368E-02
   7128.20  8.0257060E-02
   7128.40  8.0641748E-02
   7128.60  8.0884880E-02
   7128.80  8.0983441E-02
   7129.00  8.0935616E-02
   7129.20  8.0740955E-02
   7129.40  8.0400873E-02
   7129.60  7.9919288E-02
   7129.80  7.9303186E-02
   7130.00  7.8562930E-02
   7130.20  7.7712219E-02
   7130.40  7.6767670E-02
   7130.60  7.5748077E-02
   7130.80  7.4673449E-02
   7131.00  7.3563960E-02
   7131.20  7.2438938E-02
   7131.40  7.1316033E-02
   7131.60  7.0210615E-02
   7131.80  6.9135448E-02
   7132.00  6.8100610E-02
   7133.00  6.3719947E-02
   7134.00  6.0724240E-02
   7135.00  5.8826388E-02
   7136.00  5.7629072E-02
   7137.00  5.6805310E-02
   7138.00  5.6156843E-02
   7139.00  5.5607243E-02
   7140.00  5.5150021E-02
   7141.00  5.4790757E-02
   7142.00  5.4517045E-02
   7143.00  5.4306345E-02
   7144.00  5.4145585E-02
   7145.00  5.4038210E-02
   7146.00  5.4000312E-02
   7147.00  5.4054887E-02
   7148.00  5.4226460E-02
   7149.00  5.4532387E-02
   7150.00  5.4971896E-02
   7151.00  5.5520596E-02
   7152.00  5.6134473E-02
   7153.00  5.6759735E-02
   7154.00  5.7344398E-02
   7155.00  5.7850741E-02
   7156.00  5.8265402E-02
   7157.00  5.8600351E-02
   7158.00  5.8883404E-02
   7159.00  5.9145831E-02
   7160.00  5.9414668E-02
   7161.00  5.9710486E-02
   7162.00  6.0047400E-02
   7163.00  6.0432931E-02
   7164.00  6.0867305E-02
   7165.00  6.1343054E-02
   7166.00  6.1846048E-02
   7167.00  6.2358306E-02
   7168.00  6.2861519E-02
   7169.00  6.3339506E-02
   7170.00  6.3778778E-02
   7171.00  6.4168130E-02
   7172.00  6.4498881E-02
   7173.00  6.4766285E-02
   7174.00  6.4971044E-02
   7175.00  6.5119184E-02
   7176.00  6.5219462E-02
   7177.00  6.5279094E-02
   7178.00  6.5299942E-02
   7179.00  6.5277361E-02
   7180.00  6.5202440E-02
   7181.00  6.5066420E-02
   7182.00  6.4865144E-02
   7183.00  6.4601869E-02
   7184.00  6.4287842E-02
   7185.00  6.3940863E-02
   7186.00  6.3582488E-02
   7187.00  6.3234993E-02
   7188.00  6.2919101E-02
   7189.00  6.2652752E-02
   7190.00  6.2450475E-02
   7191.00  6.2322901E-02
   7192.00  6.2276416E-02
   7193.00  6.2313100E-02
   7194.00  6.2430928E-02
   7195.00  6.2623964E-02
   7196.00  6.2882351E-02
   7197.00  6.3192233E-02
   7198.00  6.3535915E-02
   7199.00  6.3892625E-02
   7200.00  6.4239969E-02
   7201.00  6.4555892E-02
   7202.00  6.4820734E-02
   7203.00  6.5019021E-02
   7204.00  6.5140749E-02
   7205.00  6.5182111E-02
   7206.00  6.5145684E-02
   7207.00  6.5040070E-02
   7208.00  6.4878922E-02
   7209.00  6.4679270E-02
   7210.00  6.4459228E-02
   7211.00  6.4235498E-02
   7212.00  6.4021336E-02
