    Energy    <xanes>    
   7072.00  5.1507220E-04
   7072.50  5.2096664E-04
   7073.00  5.2698858E-04
   7073.50  5.3314218E-04
   7074.00  5.3943178E-04
   7074.50  5.4586189E-04
   7075.00  5.5243725E-04
   7075.50  5.5916280E-04
   7076.00  5.6604371E-04
   7076.50  5.7308539E-04
   7077.00  5.8029350E-04
   7077.50  5.8767397E-04
   7078.00  5.9523302E-04
   7078.50  6.0297717E-04
   7079.00  6.1091325E-04
   7079.50  6.1904845E-04
   7080.00  6.2739030E-04
   7080.50  6.3594674E-04
   7081.00  6.4472611E-04
   7081.50  6.5373718E-04
   7082.00  6.6298920E-04
   7082.50  6.7249190E-04
   7083.00  6.8225557E-04
   7083.50  6.9229106E-04
   7084.00  7.0260981E-04
   7084.50  7.1322393E-04
   7085.00  7.2414626E-04
   7085.50  7.3539034E-04
   7086.00  7.4697057E-04
   7086.50  7.5890219E-04
   7087.00  7.7120141E-04
   7087.50  7.8388544E-04
   7088.00  7.9697258E-04
   7088.50  8.1048234E-04
   7089.00  8.2443552E-04
   7089.50  8.3885431E-04
   7090.00  8.5376241E-04
   7090.50  8.6918521E-04
   7091.00  8.8514988E-04
   7091.50  9.0168559E-04
   7092.00  9.1882366E-04
   7092.50  9.3659779E-04
   7093.00  9.5504429E-04
   7093.50  9.7420237E-04
   7094.00  9.9411440E-04
   7094.50  1.0148263E-03
   7095.00  1.0363879E-03
   7095.50  1.0588534E-03
   7096.00  1.0822818E-03
   7096.50  1.1067378E-03
   7097.00  1.1322921E-03
   7097.50  1.1590223E-03
   7098.00  1.1870142E-03
   7098.50  1.2163624E-03
   7099.00  1.2471720E-03
   7099.50  1.2795600E-03
   7100.00  1.3136575E-03
   7100.50  1.3496118E-03
   7101.00  1.3875894E-03
   7101.50  1.4277798E-03
   7102.00  1.4703999E-03
   7102.50  1.5157004E-03
   7103.00  1.5639731E-03
   7103.50  1.6155615E-03
   7104.00  1.6708747E-03
   7104.50  1.7304070E-03
   7105.00  1.7947651E-03
   7105.50  1.8647082E-03
   7106.00  1.9412084E-03
   7106.50  2.0255436E-03
   7107.00  2.1194492E-03
   7107.10  2.1395775E-03
   7107.20  2.1602069E-03
   7107.30  2.1813634E-03
   7107.40  2.2030753E-03
   7107.50  2.2253730E-03
   7107.60  2.2482900E-03
   7107.70  2.2718625E-03
   7107.80  2.2961304E-03
   7107.90  2.3211373E-03
   7108.00  2.3469311E-03
   7108.10  2.3735649E-03
   7108.20  2.4010971E-03
   7108.30  2.4295926E-03
   7108.40  2.4591235E-03
   7108.50  2.4897703E-03
   7108.60  2.5216233E-03
   7108.70  2.5547835E-03
   7108.80  2.5893653E-03
   7108.90  2.6254976E-03
   7109.00  2.6633274E-03
   7109.10  2.7030218E-03
   7109.20  2.7447726E-03
   7109.30  2.7888003E-03
   7109.40  2.8353598E-03
   7109.50  2.8847473E-03
   7109.60  2.9373085E-03
   7109.70  2.9934489E-03
   7109.80  3.0536472E-03
   7109.90  3.1184714E-03
   7110.00  3.1885996E-03
   7110.10  3.2648459E-03
   7110.20  3.3481941E-03
   7110.30  3.4398402E-03
   7110.40  3.5412468E-03
   7110.50  3.6542132E-03
   7110.60  3.7809644E-03
   7110.70  3.9242626E-03
   7110.80  4.0875447E-03
   7110.90  4.2750849E-03
   7111.00  4.4921673E-03
   7111.10  4.7452342E-03
   7111.20  5.0419173E-03
   7111.30  5.3907589E-03
   7111.40  5.8002567E-03
   7111.50  6.2766239E-03
   7111.60  6.8195303E-03
   7111.70  7.4156012E-03
   7111.80  8.0315636E-03
   7111.90  8.6126730E-03
   7112.00  9.0934327E-03
   7112.10  9.4197799E-03
   7112.20  9.5694090E-03
   7112.30  9.5559814E-03
   7112.40  9.4186695E-03
   7112.50  9.2081545E-03
   7112.60  8.9750891E-03
   7112.70  8.7615207E-03
   7112.80  8.5952252E-03
   7112.90  8.4876207E-03
   7113.00  8.4358437E-03
   7113.10  8.4288659E-03
   7113.20  8.4559235E-03
   7113.30  8.5133739E-03
   7113.40  8.6062867E-03
   7113.50  8.7448883E-03
   7113.60  8.9393152E-03
   7113.70  9.1955145E-03
   7113.80  9.5126320E-03
   7113.90  9.8810027E-03
   7114.00  1.0280276E-02
   7114.10  1.0678359E-02
   7114.20  1.1032957E-02
   7114.30  1.1297704E-02
   7114.40  1.1433037E-02
   7114.50  1.1418284E-02
   7114.60  1.1258701E-02
   7114.70  1.0983122E-02
   7114.80  1.0633756E-02
   7114.90  1.0254044E-02
   7115.00  9.8799484E-03
   7115.10  9.5364634E-03
   7115.20  9.2381351E-03
   7115.30  8.9914945E-03
   7115.40  8.7977777E-03
   7115.50  8.6551478E-03
   7115.60  8.5602447E-03
   7115.70  8.5091756E-03
   7115.80  8.4981102E-03
   7115.90  8.5236118E-03
   7116.00  8.5827973E-03
   7116.10  8.6733910E-03
   7116.20  8.7937210E-03
   7116.30  8.9426894E-03
   7116.40  9.1197356E-03
   7116.50  9.3248022E-03
   7116.60  9.5583090E-03
   7116.70  9.8211359E-03
   7116.80  1.0114613E-02
   7116.90  1.0440517E-02
   7117.00  1.0801065E-02
   7117.20  1.1637118E-02
   7117.40  1.2648611E-02
   7117.60  1.3865228E-02
   7117.80  1.5313892E-02
   7118.00  1.7007168E-02
   7118.20  1.8931489E-02
   7118.40  2.1045820E-02
   7118.60  2.3291160E-02
   7118.80  2.5596030E-02
   7119.00  2.7885283E-02
   7119.20  3.0114335E-02
   7119.40  3.2295488E-02
   7119.60  3.4471659E-02
   7119.80  3.6675057E-02
   7120.00  3.8925443E-02
   7120.20  4.1251603E-02
   7120.40  4.3694389E-02
   7120.60  4.6288003E-02
   7120.80  4.9041075E-02
   7121.00  5.1927618E-02
   7121.20  5.4889183E-02
   7121.40  5.7855369E-02
   7121.60  6.0782859E-02
   7121.80  6.3688042E-02
   7122.00  6.6642608E-02
   7122.20  6.9733491E-02
   7122.40  7.3020443E-02
   7122.60  7.6522514E-02
   7122.80  8.0239129E-02
   7123.00  8.4186433E-02
   7123.20  8.8420721E-02
   7123.40  9.3033235E-02
   7123.60  9.8121638E-02
   7123.80  1.0375423E-01
   7124.00  1.0994062E-01
   7124.20  1.1661739E-01
   7124.40  1.2365275E-01
   7124.60  1.3086831E-01
   7124.80  1.3806710E-01
   7125.00  1.4505307E-01
   7125.20  1.5163528E-01
   7125.40  1.5762517E-01
   7125.60  1.6284192E-01
   7125.80  1.6713262E-01
   7126.00  1.7039987E-01
   7126.20  1.7262323E-01
   7126.40  1.7386540E-01
   7126.60  1.7426200E-01
   7126.80  1.7399950E-01
   7127.00  1.7328728E-01
   7127.20  1.7232967E-01
   7127.40  1.7130249E-01
   7127.60  1.7033767E-01
   7127.80  1.6951701E-01
   7128.00  1.6887406E-01
   7128.20  1.6840201E-01
   7128.40  1.6806442E-01
   7128.60  1.6780649E-01
   7128.80  1.6756511E-01
   7129.00  1.6727681E-01
   7129.20  1.6688386E-01
   7129.40  1.6633844E-01
   7129.60  1.6560564E-01
   7129.80  1.6466511E-01
   7130.00  1.6351170E-01
   7130.20  1.6215478E-01
   7130.40  1.6061644E-01
   7130.60  1.5892860E-01
   7130.80  1.5712962E-01
   7131.00  1.5526062E-01
   7131.20  1.5336216E-01
   7131.40  1.5147156E-01
   7131.60  1.4962107E-01
   7131.80  1.4783689E-01
   7132.00  1.4613894E-01
   7133.00  1.3926762E-01
   7134.00  1.3506703E-01
   7135.00  1.3293586E-01
   7136.00  1.3222844E-01
   7137.00  1.3236206E-01
   7138.00  1.3278838E-01
   7139.00  1.3302165E-01
   7140.00  1.3270530E-01
   7141.00  1.3164439E-01
   7142.00  1.2976913E-01
   7143.00  1.2711707E-01
   7144.00  1.2384163E-01
   7145.00  1.2017450E-01
   7146.00  1.1634594E-01
   7147.00  1.1253858E-01
   7148.00  1.0890705E-01
   7149.00  1.0561140E-01
   7150.00  1.0281048E-01
   7151.00  1.0062651E-01
   7152.00  9.9122067E-02
   7153.00  9.8305525E-02
   7154.00  9.8152089E-02
   7155.00  9.8621123E-02
   7156.00  9.9658190E-02
   7157.00  1.0118492E-01
   7158.00  1.0309313E-01
   7159.00  1.0525714E-01
   7160.00  1.0755893E-01
   7161.00  1.0990600E-01
   7162.00  1.1222989E-01
   7163.00  1.1447219E-01
   7164.00  1.1657311E-01
   7165.00  1.1847041E-01
   7166.00  1.2010712E-01
   7167.00  1.2144320E-01
   7168.00  1.2246714E-01
   7169.00  1.2320313E-01
   7170.00  1.2370982E-01
   7171.00  1.2406913E-01
   7172.00  1.2436947E-01
   7173.00  1.2468990E-01
   7174.00  1.2509052E-01
   7175.00  1.2560992E-01
   7176.00  1.2626724E-01
   7177.00  1.2706581E-01
   7178.00  1.2799604E-01
   7179.00  1.2903677E-01
   7180.00  1.3015547E-01
   7181.00  1.3130921E-01
   7182.00  1.3244825E-01
   7183.00  1.3352227E-01
   7184.00  1.3448709E-01
   7185.00  1.3530889E-01
   7186.00  1.3596460E-01
   7187.00  1.3643980E-01
   7188.00  1.3672721E-01
   7189.00  1.3682761E-01
   7190.00  1.3675239E-01
   7191.00  1.3652498E-01
   7192.00  1.3617901E-01
   7193.00  1.3575390E-01
   7194.00  1.3528992E-01
   7195.00  1.3482447E-01
   7196.00  1.3438965E-01
   7197.00  1.3401037E-01
   7198.00  1.3370277E-01
   7199.00  1.3347303E-01
   7200.00  1.3331728E-01
   7201.00  1.3322300E-01
   7202.00  1.3317157E-01
   7203.00  1.3314141E-01
   7204.00  1.3311113E-01
   7205.00  1.3306227E-01
   7206.00  1.3298125E-01
   7207.00  1.3286071E-01
   7208.00  1.3269992E-01
   7209.00  1.3250444E-01
   7210.00  1.3228477E-01
   7211.00  1.3205420E-01
   7212.00  1.3182609E-01
