    Energy    <xanes>    
   7072.00  1.5955429E-03
   7072.50  1.6149799E-03
   7073.00  1.6348638E-03
   7073.50  1.6552101E-03
   7074.00  1.6760348E-03
   7074.50  1.6973549E-03
   7075.00  1.7191880E-03
   7075.50  1.7415528E-03
   7076.00  1.7644686E-03
   7076.50  1.7879559E-03
   7077.00  1.8120360E-03
   7077.50  1.8367315E-03
   7078.00  1.8620660E-03
   7078.50  1.8880643E-03
   7079.00  1.9147527E-03
   7079.50  1.9421585E-03
   7080.00  1.9703108E-03
   7080.50  1.9992403E-03
   7081.00  2.0289791E-03
   7081.50  2.0595613E-03
   7082.00  2.0910229E-03
   7082.50  2.1234020E-03
   7083.00  2.1567388E-03
   7083.50  2.1910760E-03
   7084.00  2.2264587E-03
   7084.50  2.2629349E-03
   7085.00  2.3005555E-03
   7085.50  2.3393745E-03
   7086.00  2.3794495E-03
   7086.50  2.4208416E-03
   7087.00  2.4636162E-03
   7087.50  2.5078429E-03
   7088.00  2.5535959E-03
   7088.50  2.6009548E-03
   7089.00  2.6500045E-03
   7089.50  2.7008363E-03
   7090.00  2.7535478E-03
   7090.50  2.8082440E-03
   7091.00  2.8650378E-03
   7091.50  2.9240509E-03
   7092.00  2.9854144E-03
   7092.50  3.0492699E-03
   7093.00  3.1157706E-03
   7093.50  3.1850825E-03
   7094.00  3.2573858E-03
   7094.50  3.3328762E-03
   7095.00  3.4117671E-03
   7095.50  3.4942911E-03
   7096.00  3.5807027E-03
   7096.50  3.6712806E-03
   7097.00  3.7663309E-03
   7097.50  3.8661908E-03
   7098.00  3.9712320E-03
   7098.50  4.0818660E-03
   7099.00  4.1985493E-03
   7099.50  4.3217901E-03
   7100.00  4.4521559E-03
   7100.50  4.5902824E-03
   7101.00  4.7368849E-03
   7101.50  4.8927713E-03
   7102.00  5.0588585E-03
   7102.50  5.2361917E-03
   7103.00  5.4259698E-03
   7103.50  5.6295764E-03
   7104.00  5.8486191E-03
   7104.50  6.0849812E-03
   7105.00  6.3408898E-03
   7105.50  6.6190070E-03
   7106.00  6.9225571E-03
   7106.50  7.2555073E-03
   7107.00  7.6228345E-03
   7107.10  7.7009628E-03
   7107.20  7.7802457E-03
   7107.30  7.8607288E-03
   7107.31  7.8668587E-03
   7107.41  7.9503097E-03
   7107.51  8.0356482E-03
   7107.61  8.1229502E-03
   7107.71  8.2122961E-03
   7107.81  8.3037721E-03
   7107.91  8.3974704E-03
   7108.01  8.4934896E-03
   7108.11  8.5919359E-03
   7108.21  8.6929234E-03
   7108.31  8.7965754E-03
   7108.41  8.9030252E-03
   7108.51  9.0124177E-03
   7108.61  9.1249101E-03
   7108.71  9.2406745E-03
   7108.81  9.3598990E-03
   7108.91  9.4827904E-03
   7109.01  9.6095766E-03
   7109.11  9.7405101E-03
   7109.21  9.8758714E-03
   7109.31  1.0015974E-02
   7109.41  1.0161167E-02
   7109.51  1.0311849E-02
   7109.61  1.0468465E-02
   7109.71  1.0631526E-02
   7109.81  1.0801615E-02
   7109.91  1.0979403E-02
   7110.01  1.1165668E-02
   7110.11  1.1361318E-02
   7110.21  1.1567415E-02
   7110.31  1.1785216E-02
   7110.41  1.2016216E-02
   7110.51  1.2262204E-02
   7110.61  1.2525334E-02
   7110.71  1.2808220E-02
   7110.81  1.3114038E-02
   7110.91  1.3446666E-02
   7111.01  1.3810822E-02
   7111.11  1.4212209E-02
   7111.21  1.4657595E-02
   7111.31  1.5154736E-02
   7111.41  1.5711965E-02
   7111.51  1.6337214E-02
   7111.61  1.7036349E-02
   7111.71  1.7811179E-02
   7111.81  1.8658371E-02
   7111.91  1.9570913E-02
   7112.01  2.0541944E-02
   7112.11  2.1565366E-02
   7112.21  2.2634671E-02
   7112.31  2.3738194E-02
   7112.41  2.4852401E-02
   7112.51  2.5936634E-02
   7112.61  2.6932312E-02
   7112.71  2.7769886E-02
   7112.81  2.8385602E-02
   7112.91  2.8742310E-02
   7113.01  2.8843370E-02
   7113.11  2.8731872E-02
   7113.21  2.8476243E-02
   7113.31  2.8150733E-02
   7113.41  2.7820217E-02
   7113.51  2.7533610E-02
   7113.61  2.7324315E-02
   7113.71  2.7213579E-02
   7113.81  2.7213711E-02
   7113.91  2.7330419E-02
   7114.01  2.7564756E-02
   7114.11  2.7915012E-02
   7114.21  2.8378443E-02
   7114.31  2.8952579E-02
   7114.41  2.9636075E-02
   7114.51  3.0429177E-02
   7114.61  3.1333933E-02
   7114.71  3.2354272E-02
   7114.81  3.3496007E-02
   7114.91  3.4766806E-02
   7115.01  3.6176144E-02
   7115.11  3.7735232E-02
   7115.21  3.9456920E-02
   7115.31  4.1355594E-02
   7115.41  4.3447091E-02
   7115.51  4.5748683E-02
   7115.61  4.8279199E-02
   7115.71  5.1059289E-02
   7115.81  5.4111720E-02
   7115.91  5.7461416E-02
   7116.01  6.1134801E-02
   7116.11  6.5158066E-02
   7116.21  6.9554163E-02
   7116.31  7.4338799E-02
   7116.41  7.9516150E-02
   7116.51  8.5075371E-02
   7116.61  9.0989006E-02
   7116.71  9.7213928E-02
   7116.81  1.0369449E-01
   7116.91  1.1036663E-01
   7117.01  1.1716201E-01
   7117.11  1.2401416E-01
   7117.21  1.3083548E-01
   7117.31  1.3757336E-01
   7117.51  1.5063792E-01
   7117.71  1.6305436E-01
   7117.91  1.7497253E-01
   7118.11  1.8660998E-01
   7118.31  1.9804289E-01
   7118.51  2.0909370E-01
   7118.71  2.1933052E-01
   7118.91  2.2834295E-01
   7119.11  2.3616245E-01
   7119.31  2.4338845E-01
   7119.51  2.5091725E-01
   7119.71  2.5957652E-01
   7119.91  2.6988365E-01
   7120.11  2.8198023E-01
   7120.31  2.9576174E-01
   7120.51  3.1112425E-01
   7120.71  3.2812732E-01
   7120.91  3.4692115E-01
   7121.11  3.6749981E-01
   7121.31  3.8947294E-01
   7121.51  4.1199017E-01
   7121.71  4.3385190E-01
   7121.91  4.5377700E-01
   7122.11  4.7073054E-01
   7122.31  4.8415955E-01
   7122.51  4.9402318E-01
   7122.71  5.0063999E-01
   7122.91  5.0448596E-01
   7123.11  5.0606200E-01
   7123.31  5.0585696E-01
   7123.51  5.0436258E-01
   7123.71  5.0208513E-01
   7123.91  4.9952560E-01
   7124.11  4.9713549E-01
   7124.31  4.9527296E-01
   7124.51  4.9417948E-01
   7124.71  4.9398175E-01
   7124.91  4.9471081E-01
   7125.11  4.9632548E-01
   7125.31  4.9873023E-01
   7125.51  5.0178437E-01
   7125.71  5.0530527E-01
   7125.91  5.0907094E-01
   7126.11  5.1282593E-01
   7126.31  5.1629222E-01
   7126.51  5.1918505E-01
   7126.71  5.2123259E-01
   7126.91  5.2219803E-01
   7127.11  5.2190129E-01
   7127.31  5.2023638E-01
   7127.51  5.1718048E-01
   7127.71  5.1279203E-01
   7127.91  5.0719843E-01
   7128.11  5.0057647E-01
   7128.31  4.9313027E-01
   7128.51  4.8507097E-01
   7128.71  4.7660101E-01
   7128.91  4.6790396E-01
   7129.11  4.5913939E-01
   7129.31  4.5044157E-01
   7129.51  4.4192052E-01
   7129.71  4.3366440E-01
   7129.91  4.2574214E-01
   7130.11  4.1820610E-01
   7130.31  4.1109428E-01
   7130.51  4.0443221E-01
   7130.71  3.9823458E-01
   7130.91  3.9250661E-01
   7131.11  3.8724533E-01
   7131.31  3.8244090E-01
   7131.51  3.7807786E-01
   7131.71  3.7413642E-01
   7131.91  3.7059379E-01
   7132.11  3.6770348E-01
   7132.31  3.6525135E-01
   7133.31  3.5529443E-01
   7134.31  3.5076355E-01
   7135.31  3.4951023E-01
   7136.31  3.4975664E-01
   7137.31  3.5000870E-01
   7138.31  3.4908282E-01
   7139.31  3.4621336E-01
   7140.31  3.4115505E-01
   7141.31  3.3420376E-01
   7142.31  3.2610073E-01
   7143.31  3.1779207E-01
   7144.31  3.1014948E-01
   7145.31  3.0381178E-01
   7146.31  2.9915947E-01
   7147.31  2.9633765E-01
   7148.31  2.9529553E-01
   7149.31  2.9585926E-01
   7150.31  2.9782226E-01
   7151.31  3.0100732E-01
   7152.31  3.0527805E-01
   7153.31  3.1051716E-01
   7154.31  3.1660511E-01
   7155.31  3.2341756E-01
   7156.31  3.3083446E-01
   7157.31  3.3874160E-01
   7158.31  3.4701734E-01
   7159.31  3.5551506E-01
   7160.31  3.6405374E-01
   7161.31  3.7241902E-01
   7162.31  3.8037138E-01
   7163.31  3.8765948E-01
   7164.31  3.9404228E-01
   7165.31  3.9932188E-01
   7166.31  4.0337977E-01
   7167.31  4.0620048E-01
   7168.31  4.0787079E-01
   7169.31  4.0855542E-01
   7170.31  4.0846029E-01
   7171.31  4.0779498E-01
   7172.31  4.0674182E-01
   7173.31  4.0543520E-01
   7174.31  4.0395268E-01
   7175.31  4.0231838E-01
   7176.31  4.0051769E-01
   7177.31  3.9851939E-01
   7178.31  3.9629796E-01
   7179.31  3.9384974E-01
   7180.31  3.9120040E-01
   7181.31  3.8840509E-01
   7182.31  3.8554382E-01
   7183.31  3.8271415E-01
   7184.31  3.8002239E-01
   7185.31  3.7757404E-01
   7186.31  3.7546354E-01
   7187.31  3.7376355E-01
   7188.31  3.7251519E-01
   7189.31  3.7172171E-01
   7190.31  3.7134807E-01
   7191.31  3.7132713E-01
   7192.31  3.7157098E-01
   7193.31  3.7198435E-01
   7194.31  3.7247726E-01
   7195.31  3.7297444E-01
   7196.31  3.7342025E-01
   7197.31  3.7377852E-01
   7198.31  3.7402790E-01
   7199.31  3.7415480E-01
   7200.31  3.7414736E-01
   7201.31  3.7399330E-01
   7202.31  3.7368316E-01
   7203.31  3.7321733E-01
   7204.31  3.7261349E-01
   7205.31  3.7191000E-01
   7206.31  3.7116253E-01
   7207.31  3.7043412E-01
   7208.31  3.6978193E-01
   7209.31  3.6924538E-01
   7210.31  3.6884013E-01
   7211.31  3.6855942E-01
