    Energy    <xanes>    
   7072.00  5.1433440E-04
   7072.50  5.1893464E-04
   7073.00  5.2507005E-04
   7073.50  5.3134158E-04
   7074.00  5.3775374E-04
   7074.50  5.4431126E-04
   7075.00  5.5101907E-04
   7075.50  5.5788232E-04
   7076.00  5.6490642E-04
   7076.50  5.7209699E-04
   7077.00  5.7945996E-04
   7077.50  5.8700151E-04
   7078.00  5.9472812E-04
   7078.50  6.0264661E-04
   7079.00  6.1076410E-04
   7079.50  6.1908809E-04
   7080.00  6.2762646E-04
   7080.50  6.3638746E-04
   7081.00  6.4537980E-04
   7081.50  6.5461265E-04
   7082.00  6.6409562E-04
   7082.50  6.7383890E-04
   7083.00  6.8385318E-04
   7083.50  6.9414977E-04
   7084.00  7.0474061E-04
   7084.50  7.1563829E-04
   7085.00  7.2685617E-04
   7085.50  7.3840836E-04
   7086.00  7.5030979E-04
   7086.50  7.6257632E-04
   7087.00  7.7522476E-04
   7087.50  7.8827296E-04
   7088.00  8.0173988E-04
   7088.50  8.1564571E-04
   7089.00  8.3001193E-04
   7089.50  8.4486146E-04
   7090.00  8.6021871E-04
   7090.50  8.7610979E-04
   7091.00  8.9256261E-04
   7091.50  9.0960702E-04
   7092.00  9.2727504E-04
   7092.50  9.4560102E-04
   7093.00  9.6462184E-04
   7093.50  9.8437720E-04
   7094.00  1.0049099E-03
   7094.50  1.0262659E-03
   7095.00  1.0484952E-03
   7095.50  1.0716517E-03
   7096.00  1.0957937E-03
   7096.50  1.1209847E-03
   7097.00  1.1472936E-03
   7097.50  1.1747957E-03
   7098.00  1.2035729E-03
   7098.50  1.2337149E-03
   7099.00  1.2653202E-03
   7099.50  1.2984968E-03
   7100.00  1.3333638E-03
   7100.50  1.3700527E-03
   7101.00  1.4087093E-03
   7101.50  1.4494953E-03
   7102.00  1.4925913E-03
   7102.50  1.5381989E-03
   7103.00  1.5865450E-03
   7103.50  1.6378851E-03
   7104.00  1.6925093E-03
   7104.50  1.7507481E-03
   7105.00  1.8129806E-03
   7105.50  1.8796453E-03
   7106.00  1.9512536E-03
   7106.50  2.0284086E-03
   7107.00  2.1118317E-03
   7107.10  2.1292792E-03
   7107.20  2.1469103E-03
   7107.30  2.1650364E-03
   7107.40  2.1836180E-03
   7107.50  2.2024013E-03
   7107.60  2.2213929E-03
   7107.70  2.2405999E-03
   7107.80  2.2603747E-03
   7107.90  2.2806741E-03
   7108.00  2.3012127E-03
   7108.10  2.3219995E-03
   7108.20  2.3430440E-03
   7108.30  2.3647492E-03
   7108.40  2.3870680E-03
   7108.50  2.4096777E-03
   7108.60  2.4325911E-03
   7108.70  2.4558220E-03
   7108.75  2.4666613E-03
   7108.85  2.4908676E-03
   7108.95  2.5156031E-03
   7109.05  2.5408918E-03
   7109.15  2.5667600E-03
   7109.25  2.5932364E-03
   7109.35  2.6203526E-03
   7109.45  2.6481437E-03
   7109.55  2.6766485E-03
   7109.65  2.7059104E-03
   7109.75  2.7359785E-03
   7109.85  2.7669080E-03
   7109.95  2.7987619E-03
   7110.05  2.8316124E-03
   7110.15  2.8655432E-03
   7110.25  2.9006512E-03
   7110.35  2.9370503E-03
   7110.45  2.9748753E-03
   7110.55  3.0142863E-03
   7110.65  3.0554757E-03
   7110.75  3.0986758E-03
   7110.85  3.1441685E-03
   7110.95  3.1922975E-03
   7111.05  3.2434811E-03
   7111.15  3.2982262E-03
   7111.25  3.3571368E-03
   7111.35  3.4209107E-03
   7111.45  3.4903082E-03
   7111.55  3.5660706E-03
   7111.65  3.6487728E-03
   7111.75  3.7386276E-03
   7111.85  3.8353312E-03
   7111.95  3.9381044E-03
   7112.05  4.0458988E-03
   7112.15  4.1572190E-03
   7112.25  4.2694515E-03
   7112.35  4.3781576E-03
   7112.45  4.4770415E-03
   7112.55  4.5595752E-03
   7112.65  4.6218573E-03
   7112.75  4.6648148E-03
   7112.85  4.6940509E-03
   7112.95  4.7175920E-03
   7113.05  4.7432821E-03
   7113.15  4.7771815E-03
   7113.25  4.8231103E-03
   7113.35  4.8827965E-03
   7113.45  4.9561054E-03
   7113.55  5.0411572E-03
   7113.65  5.1345493E-03
   7113.75  5.2321435E-03
   7113.85  5.3306052E-03
   7113.95  5.4283777E-03
   7114.05  5.5260744E-03
   7114.15  5.6256429E-03
   7114.25  5.7290541E-03
   7114.35  5.8372489E-03
   7114.45  5.9496385E-03
   7114.55  6.0643035E-03
   7114.65  6.1789705E-03
   7114.75  6.2924569E-03
   7114.85  6.4057186E-03
   7114.95  6.5217326E-03
   7115.05  6.6443846E-03
   7115.15  6.7772707E-03
   7115.25  6.9230863E-03
   7115.35  7.0836198E-03
   7115.45  7.2600413E-03
   7115.55  7.4532213E-03
   7115.65  7.6639738E-03
   7115.75  7.8932112E-03
   7115.85  8.1420356E-03
   7115.95  8.4117902E-03
   7116.05  8.7040904E-03
   7116.15  9.0208444E-03
   7116.25  9.3642688E-03
   7116.35  9.7369020E-03
   7116.45  1.0141612E-02
   7116.55  1.0581595E-02
   7116.65  1.1060358E-02
   7116.75  1.1581673E-02
   7116.85  1.2149494E-02
   7116.95  1.2767839E-02
   7117.05  1.3452546E-02
   7117.15  1.4185468E-02
   7117.25  1.4976195E-02
   7117.35  1.5834001E-02
   7117.45  1.6752127E-02
   7117.55  1.7740232E-02
   7117.65  1.8786440E-02
   7117.75  1.9899953E-02
   7117.85  2.1063131E-02
   7117.95  2.2283582E-02
   7118.05  2.3539768E-02
   7118.15  2.4836666E-02
   7118.25  2.6154603E-02
   7118.35  2.7495649E-02
   7118.45  2.8847848E-02
   7118.55  3.0210991E-02
   7118.65  3.1583003E-02
   7118.75  3.2962506E-02
   7118.95  3.5755488E-02
   7119.15  3.8595105E-02
   7119.35  4.1459378E-02
   7119.55  4.4294874E-02
   7119.75  4.7043445E-02
   7119.95  4.9686817E-02
   7120.15  5.2273750E-02
   7120.35  5.4900138E-02
   7120.55  5.7654686E-02
   7120.75  6.0580363E-02
   7120.95  6.3682841E-02
   7121.15  6.6966758E-02
   7121.35  7.0460397E-02
   7121.55  7.4212503E-02
   7121.75  7.8270187E-02
   7121.95  8.2652521E-02
   7122.15  8.7337376E-02
   7122.35  9.2273822E-02
   7122.55  9.7407288E-02
   7122.75  1.0269107E-01
   7122.95  1.0807793E-01
   7123.15  1.1350904E-01
   7123.35  1.1891592E-01
   7123.55  1.2423554E-01
   7123.75  1.2942959E-01
   7123.95  1.3449893E-01
   7124.15  1.3948632E-01
   7124.35  1.4446211E-01
   7124.55  1.4949471E-01
   7124.75  1.5461897E-01
   7124.95  1.5981787E-01
   7125.15  1.6502338E-01
   7125.35  1.7013030E-01
   7125.55  1.7501286E-01
   7125.75  1.7953818E-01
   7125.95  1.8357628E-01
   7126.15  1.8700937E-01
   7126.35  1.8974321E-01
   7126.55  1.9171941E-01
   7126.75  1.9292297E-01
   7126.95  1.9338073E-01
   7127.15  1.9315320E-01
   7127.35  1.9232591E-01
   7127.55  1.9100253E-01
   7127.75  1.8929740E-01
   7127.95  1.8732504E-01
   7128.15  1.8518847E-01
   7128.35  1.8297023E-01
   7128.55  1.8072846E-01
   7128.75  1.7849798E-01
   7128.95  1.7629450E-01
   7129.15  1.7411999E-01
   7129.35  1.7196800E-01
   7129.55  1.6982802E-01
   7129.75  1.6768889E-01
   7129.95  1.6554109E-01
   7130.15  1.6337828E-01
   7130.35  1.6119815E-01
   7130.55  1.5900279E-01
   7130.75  1.5679838E-01
   7130.95  1.5459455E-01
   7131.15  1.5240332E-01
   7131.35  1.5023786E-01
   7131.55  1.4811142E-01
   7131.75  1.4603654E-01
   7131.95  1.4402457E-01
   7132.15  1.4218716E-01
   7132.35  1.4041780E-01
   7132.55  1.3866774E-01
   7132.75  1.3694426E-01
   7132.95  1.3525421E-01
   7133.15  1.3384079E-01
   7133.35  1.3256029E-01
   7133.55  1.3132976E-01
   7133.75  1.3015279E-01
   7134.75  1.2608547E-01
   7135.75  1.2433236E-01
   7136.75  1.2418286E-01
   7137.75  1.2493474E-01
   7138.75  1.2597097E-01
   7139.75  1.2680023E-01
   7140.75  1.2702782E-01
   7141.75  1.2632238E-01
   7142.75  1.2448009E-01
   7143.75  1.2152508E-01
   7144.75  1.1772721E-01
   7145.75  1.1350358E-01
   7146.75  1.0927413E-01
   7147.75  1.0536683E-01
   7148.75  1.0200230E-01
   7149.75  9.9316192E-02
   7150.75  9.7379911E-02
   7151.75  9.6214531E-02
   7152.75  9.5802412E-02
   7153.75  9.6097655E-02
   7154.75  9.7034125E-02
   7155.75  9.8530219E-02
   7156.75  1.0049198E-01
   7157.75  1.0281740E-01
   7158.75  1.0540223E-01
   7159.75  1.0814492E-01
   7160.75  1.1094979E-01
   7161.75  1.1373020E-01
   7162.75  1.1641345E-01
   7163.75  1.1894637E-01
   7164.75  1.2129823E-01
   7165.75  1.2345797E-01
   7166.75  1.2542558E-01
   7167.75  1.2720181E-01
   7168.75  1.2878139E-01
   7169.75  1.3015260E-01
   7170.75  1.3130205E-01
   7171.75  1.3222166E-01
   7172.75  1.3291428E-01
   7173.75  1.3339577E-01
   7174.75  1.3369347E-01
   7175.75  1.3384288E-01
   7176.75  1.3388432E-01
   7177.75  1.3386017E-01
   7178.75  1.3381174E-01
   7179.75  1.3377447E-01
   7180.75  1.3377215E-01
   7181.75  1.3381193E-01
   7182.75  1.3388297E-01
   7183.75  1.3395966E-01
   7184.75  1.3400880E-01
   7185.75  1.3399790E-01
   7186.75  1.3390206E-01
   7187.75  1.3370741E-01
   7188.75  1.3341107E-01
   7189.75  1.3301875E-01
   7190.75  1.3254182E-01
   7191.75  1.3199512E-01
   7192.75  1.3139559E-01
   7193.75  1.3076181E-01
   7194.75  1.3011367E-01
   7195.75  1.2947214E-01
   7196.75  1.2885854E-01
   7197.75  1.2829296E-01
   7198.75  1.2779160E-01
   7199.75  1.2736367E-01
   7200.75  1.2700926E-01
   7201.75  1.2671947E-01
   7202.75  1.2647894E-01
   7203.75  1.2626979E-01
   7204.75  1.2607552E-01
   7205.75  1.2588356E-01
   7206.75  1.2568621E-01
   7207.75  1.2548028E-01
   7208.75  1.2526607E-01
   7209.75  1.2504619E-01
   7210.75  1.2482467E-01
   7211.75  1.2460627E-01
