    Energy    <xanes>    
   7072.00  3.9962055E-04
   7072.50  4.0365479E-04
   7073.00  4.0846096E-04
   7073.50  4.1337583E-04
   7074.00  4.1840312E-04
   7074.50  4.2354670E-04
   7075.00  4.2881061E-04
   7075.50  4.3419910E-04
   7076.00  4.3971659E-04
   7076.50  4.4536775E-04
   7077.00  4.5115745E-04
   7077.50  4.5709081E-04
   7078.00  4.6317319E-04
   7078.50  4.6941024E-04
   7079.00  4.7580788E-04
   7079.50  4.8237234E-04
   7080.00  4.8911018E-04
   7080.50  4.9602829E-04
   7081.00  5.0313396E-04
   7081.50  5.1043484E-04
   7082.00  5.1793902E-04
   7082.50  5.2565504E-04
   7083.00  5.3359191E-04
   7083.50  5.4175919E-04
   7084.00  5.5016694E-04
   7084.50  5.5882587E-04
   7085.00  5.6774729E-04
   7085.50  5.7694322E-04
   7086.00  5.8642640E-04
   7086.50  5.9621041E-04
   7087.00  6.0630964E-04
   7087.50  6.1673944E-04
   7088.00  6.2751618E-04
   7088.50  6.3865729E-04
   7089.00  6.5018141E-04
   7089.50  6.6210847E-04
   7090.00  6.7445979E-04
   7090.50  6.8725822E-04
   7091.00  7.0052829E-04
   7091.50  7.1429633E-04
   7092.00  7.2859069E-04
   7092.50  7.4344191E-04
   7093.00  7.5888291E-04
   7093.50  7.7494931E-04
   7094.00  7.9167962E-04
   7094.50  8.0911561E-04
   7095.00  8.2730263E-04
   7095.50  8.4629003E-04
   7096.00  8.6613162E-04
   7096.50  8.8688616E-04
   7097.00  9.0861799E-04
   7097.50  9.3139773E-04
   7098.00  9.5530305E-04
   7098.50  9.8041964E-04
   7099.00  1.0068423E-03
   7099.50  1.0346761E-03
   7100.00  1.0640383E-03
   7100.50  1.0950596E-03
   7101.00  1.1278868E-03
   7101.50  1.1626854E-03
   7102.00  1.1996424E-03
   7102.50  1.2389712E-03
   7103.00  1.2809157E-03
   7103.50  1.3257577E-03
   7104.00  1.3738244E-03
   7104.50  1.4254999E-03
   7105.00  1.4812400E-03
   7105.50  1.5415919E-03
   7106.00  1.6072240E-03
   7106.50  1.6789667E-03
   7107.00  1.7578774E-03
   7107.10  1.7745767E-03
   7107.20  1.7914105E-03
   7107.30  1.8086919E-03
   7107.40  1.8268921E-03
   7107.50  1.8453401E-03
   7107.60  1.8639445E-03
   7107.70  1.8827117E-03
   7107.80  1.9020057E-03
   7107.81  1.9044530E-03
   7107.91  1.9246132E-03
   7108.01  1.9451701E-03
   7108.11  1.9661446E-03
   7108.21  1.9875594E-03
   7108.22  1.9898757E-03
   7108.32  2.0121200E-03
   7108.42  2.0349721E-03
   7108.52  2.0584658E-03
   7108.62  2.0826384E-03
   7108.72  2.1075305E-03
   7108.82  2.1331870E-03
   7108.92  2.1596573E-03
   7109.02  2.1869965E-03
   7109.12  2.2152654E-03
   7109.22  2.2445323E-03
   7109.32  2.2748733E-03
   7109.42  2.3063745E-03
   7109.52  2.3391327E-03
   7109.62  2.3732580E-03
   7109.72  2.4088760E-03
   7109.82  2.4461303E-03
   7109.92  2.4851866E-03
   7110.02  2.5262365E-03
   7110.12  2.5695030E-03
   7110.22  2.6152470E-03
   7110.32  2.6637761E-03
   7110.42  2.7154542E-03
   7110.52  2.7707154E-03
   7110.62  2.8300800E-03
   7110.72  2.8941759E-03
   7110.82  2.9637647E-03
   7110.92  3.0397750E-03
   7111.02  3.1233425E-03
   7111.12  3.2158579E-03
   7111.22  3.3190186E-03
   7111.32  3.4348785E-03
   7111.42  3.5658743E-03
   7111.52  3.7147994E-03
   7111.62  3.8846725E-03
   7111.72  4.0784574E-03
   7111.82  4.2986431E-03
   7111.92  4.5468458E-03
   7112.02  4.8237581E-03
   7112.12  5.1296086E-03
   7112.22  5.4648988E-03
   7112.32  5.8299868E-03
   7112.42  6.2212410E-03
   7112.52  6.6240074E-03
   7112.62  7.0070066E-03
   7112.72  7.3256879E-03
   7112.82  7.5382820E-03
   7112.92  7.6264812E-03
   7113.02  7.6038800E-03
   7113.12  7.5042524E-03
   7113.22  7.3626536E-03
   7113.32  7.2042856E-03
   7113.42  7.0434111E-03
   7113.52  6.8869243E-03
   7113.62  6.7377613E-03
   7113.72  6.5971063E-03
   7113.82  6.4656349E-03
   7113.92  6.3442896E-03
   7114.02  6.2349093E-03
   7114.12  6.1404183E-03
   7114.22  6.0641855E-03
   7114.32  6.0089358E-03
   7114.42  5.9760693E-03
   7114.52  5.9657630E-03
   7114.62  5.9775229E-03
   7114.72  6.0106636E-03
   7114.82  6.0644979E-03
   7114.92  6.1383499E-03
   7115.02  6.2315669E-03
   7115.12  6.3435818E-03
   7115.22  6.4739940E-03
   7115.32  6.6226323E-03
   7115.42  6.7895913E-03
   7115.52  6.9752475E-03
   7115.62  7.1802658E-03
   7115.72  7.4056042E-03
   7115.82  7.6525201E-03
   7115.92  7.9225823E-03
   7116.02  8.2176873E-03
   7116.12  8.5400795E-03
   7116.22  8.8923732E-03
   7116.32  9.2775765E-03
   7116.42  9.6991142E-03
   7116.52  1.0160850E-02
   7116.62  1.0667101E-02
   7116.72  1.1222641E-02
   7116.82  1.1832670E-02
   7116.92  1.2502760E-02
   7117.02  1.3243797E-02
   7117.12  1.4063366E-02
   7117.22  1.4937301E-02
   7117.32  1.5918159E-02
   7117.42  1.6961217E-02
   7117.52  1.8119970E-02
   7117.62  1.9346577E-02
   7117.72  2.0689278E-02
   7117.82  2.2102973E-02
   7117.92  2.3632449E-02
   7118.02  2.5208774E-02
   7118.12  2.6895061E-02
   7118.22  2.8625830E-02
   7118.42  3.2303410E-02
   7118.62  3.6181645E-02
   7118.82  4.0180359E-02
   7119.02  4.4183429E-02
   7119.22  4.8038341E-02
   7119.42  5.1587575E-02
   7119.62  5.4721225E-02
   7119.82  5.7407620E-02
   7120.02  5.9676161E-02
   7120.22  6.1586717E-02
   7120.42  6.3227155E-02
   7120.62  6.4723474E-02
   7120.82  6.6229282E-02
   7121.02  6.7900803E-02
   7121.22  6.9876471E-02
   7121.42  7.2260528E-02
   7121.62  7.5104825E-02
   7121.82  7.8392290E-02
   7122.02  8.2033198E-02
   7122.22  8.5886201E-02
   7122.42  8.9803780E-02
   7122.62  9.3680978E-02
   7122.82  9.7478156E-02
   7123.02  1.0120615E-01
   7123.22  1.0488812E-01
   7123.42  1.0852259E-01
   7123.62  1.1206565E-01
   7123.82  1.1543724E-01
   7124.02  1.1854491E-01
   7124.22  1.2131153E-01
   7124.42  1.2369569E-01
   7124.62  1.2569999E-01
   7124.82  1.2736873E-01
   7125.02  1.2877782E-01
   7125.22  1.3002008E-01
   7125.42  1.3118963E-01
   7125.62  1.3236882E-01
   7125.82  1.3361928E-01
   7126.02  1.3497698E-01
   7126.22  1.3645038E-01
   7126.42  1.3802062E-01
   7126.62  1.3964300E-01
   7126.82  1.4124944E-01
   7127.02  1.4275240E-01
   7127.22  1.4405090E-01
   7127.42  1.4503921E-01
   7127.62  1.4561776E-01
   7127.82  1.4570449E-01
   7128.02  1.4524481E-01
   7128.22  1.4421795E-01
   7128.42  1.4263843E-01
   7128.62  1.4055275E-01
   7128.82  1.3803220E-01
   7129.02  1.3516373E-01
   7129.22  1.3204070E-01
   7129.42  1.2875493E-01
   7129.62  1.2539082E-01
   7129.82  1.2202171E-01
   7130.02  1.1870822E-01
   7130.22  1.1549803E-01
   7130.42  1.1242665E-01
   7130.62  1.0951874E-01
   7130.82  1.0678972E-01
   7131.02  1.0424741E-01
   7131.22  1.0189364E-01
   7131.42  9.9725745E-02
   7131.62  9.7737857E-02
   7131.82  9.5922026E-02
   7132.02  9.4277368E-02
   7132.22  9.2844617E-02
   7132.42  9.1517976E-02
   7132.62  9.0291786E-02
   7132.82  8.9164820E-02
   7133.02  8.8215855E-02
   7133.22  8.7441779E-02
   7134.22  8.4664519E-02
   7135.22  8.4056945E-02
   7136.22  8.5028310E-02
   7137.22  8.6931887E-02
   7138.22  8.9096039E-02
   7139.22  9.0850702E-02
   7140.22  9.1630435E-02
   7141.22  9.1138928E-02
   7142.22  8.9444768E-02
   7143.22  8.6913809E-02
   7144.22  8.4022603E-02
   7145.22  8.1192493E-02
   7146.22  7.8722166E-02
   7147.22  7.6784994E-02
   7148.22  7.5443388E-02
   7149.22  7.4672705E-02
   7150.22  7.4397447E-02
   7151.22  7.4529300E-02
   7152.22  7.4993140E-02
   7153.22  7.5735680E-02
   7154.22  7.6720925E-02
   7155.22  7.7920713E-02
   7156.22  7.9307016E-02
   7157.22  8.0848479E-02
   7158.22  8.2510550E-02
   7159.22  8.4257855E-02
   7160.22  8.6057903E-02
   7161.22  8.7884921E-02
   7162.22  8.9721614E-02
   7163.22  9.1556691E-02
   7164.22  9.3378069E-02
   7165.22  9.5164676E-02
   7166.22  9.6881189E-02
   7167.22  9.8478790E-02
   7168.22  9.9902048E-02
   7169.22  1.0109941E-01
   7170.22  1.0203357E-01
   7171.22  1.0268799E-01
   7172.22  1.0306719E-01
   7173.22  1.0319143E-01
   7174.22  1.0308923E-01
   7175.22  1.0279158E-01
   7176.22  1.0232958E-01
   7177.22  1.0173473E-01
   7178.22  1.0103973E-01
   7179.22  1.0027806E-01
   7180.22  9.9481899E-02
   7181.22  9.8679241E-02
   7182.22  9.7891828E-02
   7183.22  9.7134999E-02
   7184.22  9.6419443E-02
   7185.22  9.5753855E-02
   7186.22  9.5147182E-02
   7187.22  9.4609575E-02
   7188.22  9.4151945E-02
   7189.22  9.3784499E-02
   7190.22  9.3514714E-02
   7191.22  9.3345090E-02
   7192.22  9.3271146E-02
   7193.22  9.3280413E-02
   7194.22  9.3353136E-02
   7195.22  9.3464919E-02
   7196.22  9.3590763E-02
   7197.22  9.3709374E-02
   7198.22  9.3806532E-02
   7199.22  9.3876727E-02
   7200.22  9.3922894E-02
   7201.22  9.3954653E-02
   7202.22  9.3985726E-02
   7203.22  9.4031197E-02
   7204.22  9.4105111E-02
   7205.22  9.4218620E-02
   7206.22  9.4378782E-02
   7207.22  9.4587934E-02
   7208.22  9.4843566E-02
   7209.22  9.5138599E-02
   7210.22  9.5462073E-02
   7211.22  9.5800369E-02
