    Energy    <xanes>    
  16348.00  7.5173607E-04
  16348.50  7.6289219E-04
  16349.00  7.7435660E-04
  16349.50  7.8614183E-04
  16350.00  7.9826108E-04
  16350.50  8.1072829E-04
  16351.00  8.2355815E-04
  16351.50  8.3676616E-04
  16352.00  8.5036869E-04
  16352.50  8.6438307E-04
  16353.00  8.7882759E-04
  16353.50  8.9372164E-04
  16354.00  9.0908575E-04
  16354.50  9.2494165E-04
  16355.00  9.4131244E-04
  16355.50  9.5822260E-04
  16356.00  9.7569817E-04
  16356.50  9.9376682E-04
  16357.00  1.0124580E-03
  16357.50  1.0318030E-03
  16358.00  1.0518354E-03
  16358.50  1.0725907E-03
  16359.00  1.0941070E-03
  16359.50  1.1164251E-03
  16360.00  1.1395885E-03
  16360.50  1.1636439E-03
  16361.00  1.1886411E-03
  16361.50  1.2146340E-03
  16362.00  1.2416800E-03
  16362.50  1.2698411E-03
  16363.00  1.2991841E-03
  16363.50  1.3297808E-03
  16364.00  1.3617088E-03
  16364.50  1.3950519E-03
  16365.00  1.4299006E-03
  16365.50  1.4663532E-03
  16366.00  1.5045159E-03
  16366.50  1.5445044E-03
  16367.00  1.5864441E-03
  16367.50  1.6304718E-03
  16368.00  1.6767365E-03
  16368.50  1.7254007E-03
  16369.00  1.7766423E-03
  16369.50  1.8306559E-03
  16370.00  1.8876549E-03
  16370.50  1.9478735E-03
  16371.00  2.0115694E-03
  16371.50  2.0790263E-03
  16372.00  2.1505572E-03
  16372.50  2.2265077E-03
  16373.00  2.3072602E-03
  16373.50  2.3932384E-03
  16374.00  2.4849124E-03
  16374.50  2.5828044E-03
  16375.00  2.6874954E-03
  16375.50  2.7996323E-03
  16376.00  2.9199364E-03
  16376.50  3.0492125E-03
  16377.00  3.1883588E-03
  16377.50  3.3383783E-03
  16378.00  3.5003907E-03
  16378.50  3.6756449E-03
  16379.00  3.8655315E-03
  16379.50  4.0715958E-03
  16380.00  4.2955481E-03
  16380.50  4.5392718E-03
  16381.00  4.8048248E-03
  16381.50  5.0944334E-03
  16382.00  5.4104700E-03
  16382.50  5.7554123E-03
  16383.00  6.1317708E-03
  16383.10  6.2110295E-03
  16383.20  6.2916614E-03
  16383.30  6.3736849E-03
  16383.40  6.4571177E-03
  16383.50  6.5419767E-03
  16383.60  6.6282786E-03
  16383.70  6.7160391E-03
  16383.80  6.8052730E-03
  16383.90  6.8959942E-03
  16384.00  6.9882157E-03
  16384.10  7.0819493E-03
  16384.20  7.1772055E-03
  16384.30  7.2739935E-03
  16384.40  7.3723210E-03
  16384.50  7.4721940E-03
  16384.60  7.5736169E-03
  16384.70  7.6765922E-03
  16384.80  7.7811202E-03
  16384.90  7.8871992E-03
  16385.00  7.9948251E-03
  16385.10  8.1039913E-03
  16385.20  8.2146886E-03
  16385.30  8.3269048E-03
  16385.40  8.4406249E-03
  16385.50  8.5558307E-03
  16385.60  8.6725005E-03
  16385.70  8.7906093E-03
  16385.80  8.9101283E-03
  16385.90  9.0310247E-03
  16386.00  9.1532619E-03
  16386.10  9.2767989E-03
  16386.20  9.4015904E-03
  16386.30  9.5275864E-03
  16386.40  9.6547324E-03
  16386.50  9.7829688E-03
  16386.60  9.9122313E-03
  16386.70  1.0042450E-02
  16386.80  1.0173551E-02
  16386.90  1.0305453E-02
  16387.00  1.0438070E-02
  16387.10  1.0571313E-02
  16387.20  1.0705084E-02
  16387.30  1.0839281E-02
  16387.40  1.0973796E-02
  16387.50  1.1108517E-02
  16387.60  1.1243324E-02
  16387.70  1.1378094E-02
  16387.80  1.1512698E-02
  16387.90  1.1647002E-02
  16388.00  1.1780866E-02
  16388.10  1.1914119E-02
  16388.20  1.2046576E-02
  16388.30  1.2178075E-02
  16388.40  1.2308449E-02
  16388.50  1.2437530E-02
  16388.60  1.2565144E-02
  16388.70  1.2691119E-02
  16388.80  1.2815279E-02
  16388.90  1.2937449E-02
  16389.00  1.3057452E-02
  16389.10  1.3175114E-02
  16389.20  1.3290263E-02
  16389.30  1.3402728E-02
  16389.40  1.3512343E-02
  16389.50  1.3618945E-02
  16389.60  1.3722378E-02
  16389.70  1.3822490E-02
  16389.80  1.3919139E-02
  16389.90  1.4012189E-02
  16390.00  1.4101514E-02
  16390.10  1.4186997E-02
  16390.20  1.4268532E-02
  16390.30  1.4346024E-02
  16390.40  1.4419391E-02
  16390.50  1.4488563E-02
  16390.60  1.4553482E-02
  16390.70  1.4614107E-02
  16390.80  1.4670407E-02
  16390.90  1.4722367E-02
  16391.00  1.4769987E-02
  16391.10  1.4813280E-02
  16391.20  1.4852274E-02
  16391.30  1.4887012E-02
  16391.40  1.4917548E-02
  16391.50  1.4943953E-02
  16391.60  1.4966309E-02
  16391.70  1.4984709E-02
  16391.80  1.4999260E-02
  16391.90  1.5010079E-02
  16392.00  1.5017293E-02
  16392.10  1.5021038E-02
  16392.20  1.5021458E-02
  16392.30  1.5018704E-02
  16392.40  1.5012936E-02
  16392.50  1.5004315E-02
  16392.60  1.4993009E-02
  16392.70  1.4979189E-02
  16392.80  1.4963028E-02
  16392.90  1.4944700E-02
  16393.00  1.4924379E-02
  16393.20  1.4878458E-02
  16393.40  1.4826638E-02
  16393.60  1.4770250E-02
  16393.80  1.4710557E-02
  16394.00  1.4648746E-02
  16394.20  1.4585906E-02
  16394.40  1.4523028E-02
  16394.60  1.4460991E-02
  16394.80  1.4400565E-02
  16395.00  1.4342409E-02
  16395.20  1.4287074E-02
  16395.40  1.4235002E-02
  16395.60  1.4186537E-02
  16395.80  1.4141923E-02
  16396.00  1.4101316E-02
  16396.20  1.4064788E-02
  16396.40  1.4032332E-02
  16396.60  1.4003871E-02
  16396.80  1.3979263E-02
  16397.00  1.3958310E-02
  16397.20  1.3940761E-02
  16397.40  1.3926321E-02
  16397.60  1.3914659E-02
  16397.80  1.3905413E-02
  16398.00  1.3898196E-02
  16398.20  1.3892604E-02
  16398.40  1.3888222E-02
  16398.60  1.3884630E-02
  16398.80  1.3881410E-02
  16399.00  1.3878151E-02
  16399.20  1.3874455E-02
  16399.40  1.3869941E-02
  16399.60  1.3864252E-02
  16399.80  1.3857057E-02
  16400.00  1.3848056E-02
  16400.20  1.3836980E-02
  16400.40  1.3823600E-02
  16400.60  1.3807721E-02
  16400.80  1.3789186E-02
  16401.00  1.3767878E-02
  16401.20  1.3743719E-02
  16401.40  1.3716667E-02
  16401.60  1.3686717E-02
  16401.80  1.3653898E-02
  16402.00  1.3618270E-02
  16402.20  1.3579925E-02
  16402.40  1.3538979E-02
  16402.60  1.3495575E-02
  16402.80  1.3449873E-02
  16403.00  1.3402055E-02
  16403.20  1.3352315E-02
  16403.40  1.3300859E-02
  16403.60  1.3247904E-02
  16403.80  1.3193671E-02
  16404.00  1.3138388E-02
  16404.20  1.3082280E-02
  16404.40  1.3025575E-02
  16404.60  1.2968496E-02
  16404.80  1.2911263E-02
  16405.00  1.2854087E-02
  16405.20  1.2797174E-02
  16405.40  1.2740720E-02
  16405.60  1.2684910E-02
  16405.80  1.2629918E-02
  16406.00  1.2575909E-02
  16406.20  1.2523032E-02
  16406.40  1.2471426E-02
  16406.60  1.2421216E-02
  16406.80  1.2372515E-02
  16407.00  1.2325423E-02
  16407.20  1.2280028E-02
  16407.40  1.2236405E-02
  16407.60  1.2194618E-02
  16407.80  1.2154720E-02
  16408.00  1.2116751E-02
  16409.00  1.1956649E-02
  16410.00  1.1845996E-02
  16411.00  1.1781721E-02
  16412.00  1.1758483E-02
  16413.00  1.1769880E-02
  16414.00  1.1809203E-02
  16415.00  1.1869907E-02
  16416.00  1.1945921E-02
  16417.00  1.2031864E-02
  16418.00  1.2123153E-02
  16419.00  1.2216007E-02
  16420.00  1.2307365E-02
  16421.00  1.2394781E-02
  16422.00  1.2476345E-02
  16423.00  1.2550655E-02
  16424.00  1.2616844E-02
  16425.00  1.2674621E-02
  16426.00  1.2724279E-02
  16427.00  1.2766673E-02
  16428.00  1.2803126E-02
  16429.00  1.2835304E-02
  16430.00  1.2865049E-02
  16431.00  1.2894212E-02
  16432.00  1.2924492E-02
  16433.00  1.2957302E-02
  16434.00  1.2993668E-02
  16435.00  1.3034162E-02
  16436.00  1.3078888E-02
  16437.00  1.3127497E-02
  16438.00  1.3179241E-02
  16439.00  1.3233049E-02
  16440.00  1.3287612E-02
  16441.00  1.3341483E-02
  16442.00  1.3393177E-02
  16443.00  1.3441259E-02
  16444.00  1.3484430E-02
  16445.00  1.3521590E-02
  16446.00  1.3551880E-02
  16447.00  1.3574700E-02
  16448.00  1.3589704E-02
  16449.00  1.3596783E-02
  16450.00  1.3596037E-02
  16451.00  1.3587750E-02
  16452.00  1.3572355E-02
  16453.00  1.3550420E-02
  16454.00  1.3522620E-02
  16455.00  1.3489726E-02
  16456.00  1.3452587E-02
  16457.00  1.3412119E-02
  16458.00  1.3369297E-02
  16459.00  1.3325137E-02
  16460.00  1.3280681E-02
  16461.00  1.3236976E-02
  16462.00  1.3195044E-02
  16463.00  1.3155845E-02
  16464.00  1.3120241E-02
  16465.00  1.3088958E-02
  16466.00  1.3062562E-02
  16467.00  1.3041434E-02
  16468.00  1.3025774E-02
  16469.00  1.3015602E-02
  16470.00  1.3010774E-02
  16471.00  1.3011001E-02
  16472.00  1.3015867E-02
  16473.00  1.3024836E-02
  16474.00  1.3037273E-02
  16475.00  1.3052448E-02
  16476.00  1.3069568E-02
  16477.00  1.3087802E-02
  16478.00  1.3106339E-02
  16479.00  1.3124433E-02
  16480.00  1.3141462E-02
  16481.00  1.3156970E-02
  16482.00  1.3170686E-02
  16483.00  1.3182524E-02
  16484.00  1.3192555E-02
  16485.00  1.3200966E-02
  16486.00  1.3208010E-02
  16487.00  1.3213962E-02
  16488.00  1.3219083E-02
