    Energy    <xanes>    
  30451.00  5.3250204E-04
  30451.50  5.4019480E-04
  30452.00  5.4809765E-04
  30452.50  5.5621912E-04
  30453.00  5.6456820E-04
  30453.50  5.7315435E-04
  30454.00  5.8198758E-04
  30454.50  5.9107844E-04
  30455.00  6.0043807E-04
  30455.50  6.1007828E-04
  30456.00  6.2001154E-04
  30456.50  6.3025105E-04
  30457.00  6.4081083E-04
  30457.50  6.5170571E-04
  30458.00  6.6295146E-04
  30458.50  6.7456482E-04
  30459.00  6.8656358E-04
  30459.50  6.9896668E-04
  30460.00  7.1179429E-04
  30460.50  7.2506790E-04
  30461.00  7.3881044E-04
  30461.50  7.5304642E-04
  30462.00  7.6780201E-04
  30462.50  7.8310523E-04
  30463.00  7.9898611E-04
  30463.50  8.1547682E-04
  30464.00  8.3261193E-04
  30464.50  8.5042856E-04
  30465.00  8.6896669E-04
  30465.50  8.8826936E-04
  30466.00  9.0838300E-04
  30466.50  9.2935777E-04
  30467.00  9.5124791E-04
  30467.50  9.7411216E-04
  30468.00  9.9801420E-04
  30468.50  1.0230232E-03
  30469.00  1.0492144E-03
  30469.50  1.0766698E-03
  30470.00  1.1054788E-03
  30470.50  1.1357391E-03
  30471.00  1.1675577E-03
  30471.50  1.2010519E-03
  30472.00  1.2363505E-03
  30472.50  1.2735956E-03
  30473.00  1.3129435E-03
  30473.50  1.3545670E-03
  30474.00  1.3986578E-03
  30474.50  1.4454282E-03
  30475.00  1.4951145E-03
  30475.50  1.5479800E-03
  30476.00  1.6043192E-03
  30476.50  1.6644616E-03
  30477.00  1.7287773E-03
  30477.50  1.7976829E-03
  30478.00  1.8716487E-03
  30478.50  1.9512068E-03
  30479.00  2.0369610E-03
  30479.50  2.1295984E-03
  30480.00  2.2299029E-03
  30480.50  2.3387715E-03
  30481.00  2.4572329E-03
  30481.50  2.5864706E-03
  30482.00  2.7278488E-03
  30482.50  2.8829434E-03
  30483.00  3.0535785E-03
  30483.50  3.2418673E-03
  30484.00  3.4502591E-03
  30484.50  3.6815905E-03
  30485.00  3.9391386E-03
  30485.50  4.2266724E-03
  30486.00  4.5484921E-03
  30486.10  4.6173873E-03
  30486.20  4.6878876E-03
  30486.30  4.7600350E-03
  30486.40  4.8338725E-03
  30486.50  4.9094438E-03
  30486.60  4.9867934E-03
  30486.70  5.0659663E-03
  30486.80  5.1470082E-03
  30486.90  5.2299654E-03
  30487.00  5.3148844E-03
  30487.10  5.4018124E-03
  30487.20  5.4907966E-03
  30487.30  5.5818845E-03
  30487.40  5.6751235E-03
  30487.50  5.7705612E-03
  30487.60  5.8682445E-03
  30487.70  5.9682201E-03
  30487.80  6.0705341E-03
  30487.90  6.1752317E-03
  30488.00  6.2823571E-03
  30488.10  6.3919530E-03
  30488.20  6.5040608E-03
  30488.30  6.6187200E-03
  30488.40  6.7359677E-03
  30488.50  6.8558388E-03
  30488.60  6.9783653E-03
  30488.70  7.1035759E-03
  30488.80  7.2314959E-03
  30488.90  7.3621465E-03
  30489.00  7.4955444E-03
  30489.10  7.6317018E-03
  30489.20  7.7706251E-03
  30489.30  7.9123155E-03
  30489.40  8.0567674E-03
  30489.50  8.2039690E-03
  30489.60  8.3539008E-03
  30489.70  8.5065360E-03
  30489.80  8.6618394E-03
  30489.90  8.8197671E-03
  30490.00  8.9802661E-03
  30490.10  9.1432738E-03
  30490.20  9.3087176E-03
  30490.30  9.4765140E-03
  30490.40  9.6465692E-03
  30490.50  9.8187775E-03
  30490.60  9.9930218E-03
  30490.70  1.0169173E-02
  30490.80  1.0347090E-02
  30490.90  1.0526618E-02
  30491.00  1.0707590E-02
  30491.10  1.0889811E-02
  30491.20  1.1073063E-02
  30491.30  1.1257121E-02
  30491.40  1.1441748E-02
  30491.50  1.1626690E-02
  30491.60  1.1811681E-02
  30491.70  1.1996441E-02
  30491.80  1.2180674E-02
  30491.90  1.2364073E-02
  30492.00  1.2546315E-02
  30492.10  1.2727068E-02
  30492.20  1.2905986E-02
  30492.30  1.3082712E-02
  30492.40  1.3256880E-02
  30492.50  1.3428116E-02
  30492.60  1.3596037E-02
  30492.70  1.3760256E-02
  30492.80  1.3920383E-02
  30492.90  1.4076028E-02
  30493.00  1.4226799E-02
  30493.10  1.4372312E-02
  30493.20  1.4512190E-02
  30493.30  1.4646065E-02
  30493.40  1.4773586E-02
  30493.50  1.4894418E-02
  30493.60  1.5008248E-02
  30493.70  1.5114790E-02
  30493.80  1.5213786E-02
  30493.90  1.5305009E-02
  30494.00  1.5388270E-02
  30494.10  1.5463418E-02
  30494.20  1.5530344E-02
  30494.30  1.5588982E-02
  30494.40  1.5639311E-02
  30494.50  1.5681354E-02
  30494.60  1.5715184E-02
  30494.70  1.5740918E-02
  30494.80  1.5758716E-02
  30494.90  1.5768785E-02
  30495.00  1.5771372E-02
  30495.10  1.5766762E-02
  30495.20  1.5755275E-02
  30495.30  1.5737264E-02
  30495.40  1.5713109E-02
  30495.50  1.5683215E-02
  30495.60  1.5648004E-02
  30495.70  1.5607915E-02
  30495.80  1.5563398E-02
  30495.90  1.5514907E-02
  30496.00  1.5462900E-02
  30496.20  1.5350155E-02
  30496.40  1.5228726E-02
  30496.60  1.5101993E-02
  30496.80  1.4973073E-02
  30497.00  1.4844771E-02
  30497.20  1.4719543E-02
  30497.40  1.4599485E-02
  30497.60  1.4486336E-02
  30497.80  1.4381489E-02
  30498.00  1.4286017E-02
  30498.20  1.4200702E-02
  30498.40  1.4126056E-02
  30498.60  1.4062357E-02
  30498.80  1.4009674E-02
  30499.00  1.3967889E-02
  30499.20  1.3936720E-02
  30499.40  1.3915737E-02
  30499.60  1.3904381E-02
  30499.80  1.3901972E-02
  30500.00  1.3907727E-02
  30500.20  1.3920767E-02
  30500.40  1.3940132E-02
  30500.60  1.3964792E-02
  30500.80  1.3993664E-02
  30501.00  1.4025621E-02
  30501.20  1.4059515E-02
  30501.40  1.4094188E-02
  30501.60  1.4128495E-02
  30501.80  1.4161322E-02
  30502.00  1.4191600E-02
  30502.20  1.4218332E-02
  30502.40  1.4240600E-02
  30502.60  1.4257589E-02
  30502.80  1.4268597E-02
  30503.00  1.4273048E-02
  30503.20  1.4270497E-02
  30503.40  1.4260642E-02
  30503.60  1.4243314E-02
  30503.80  1.4218487E-02
  30504.00  1.4186262E-02
  30504.20  1.4146862E-02
  30504.40  1.4100620E-02
  30504.60  1.4047962E-02
  30504.80  1.3989392E-02
  30505.00  1.3925473E-02
  30505.20  1.3856815E-02
  30505.40  1.3784053E-02
  30505.60  1.3707835E-02
  30505.80  1.3628808E-02
  30506.00  1.3547608E-02
  30506.20  1.3464847E-02
  30506.40  1.3381110E-02
  30506.60  1.3296945E-02
  30506.80  1.3212865E-02
  30507.00  1.3129341E-02
  30507.20  1.3046800E-02
  30507.40  1.2965630E-02
  30507.60  1.2886178E-02
  30507.80  1.2808747E-02
  30508.00  1.2733604E-02
  30508.20  1.2660977E-02
  30508.40  1.2591058E-02
  30508.60  1.2524005E-02
  30508.80  1.2459943E-02
  30509.00  1.2398967E-02
  30509.20  1.2341145E-02
  30509.40  1.2286514E-02
  30509.60  1.2235091E-02
  30509.80  1.2186866E-02
  30510.00  1.2141812E-02
  30510.20  1.2099879E-02
  30510.40  1.2061004E-02
  30510.60  1.2025106E-02
  30510.80  1.1992092E-02
  30511.00  1.1961857E-02
  30512.00  1.1848153E-02
  30513.00  1.1784729E-02
  30514.00  1.1755249E-02
  30515.00  1.1746229E-02
  30516.00  1.1748589E-02
  30517.00  1.1757533E-02
  30518.00  1.1771279E-02
  30519.00  1.1789433E-02
  30520.00  1.1811683E-02
  30521.00  1.1837075E-02
  30522.00  1.1863815E-02
  30523.00  1.1889467E-02
  30524.00  1.1911378E-02
  30525.00  1.1927229E-02
  30526.00  1.1935590E-02
  30527.00  1.1936380E-02
  30528.00  1.1931114E-02
  30529.00  1.1922856E-02
  30530.00  1.1915847E-02
  30531.00  1.1914898E-02
  30532.00  1.1924697E-02
  30533.00  1.1949219E-02
  30534.00  1.1991308E-02
  30535.00  1.2052467E-02
  30536.00  1.2132803E-02
  30537.00  1.2231089E-02
  30538.00  1.2344917E-02
  30539.00  1.2470944E-02
  30540.00  1.2605184E-02
  30541.00  1.2743334E-02
  30542.00  1.2881076E-02
  30543.00  1.3014341E-02
  30544.00  1.3139535E-02
  30545.00  1.3253709E-02
  30546.00  1.3354691E-02
  30547.00  1.3441144E-02
  30548.00  1.3512542E-02
  30549.00  1.3569059E-02
  30550.00  1.3611390E-02
  30551.00  1.3640556E-02
  30552.00  1.3657721E-02
  30553.00  1.3664073E-02
  30554.00  1.3660752E-02
  30555.00  1.3648815E-02
  30556.00  1.3629225E-02
  30557.00  1.3602846E-02
  30558.00  1.3570436E-02
  30559.00  1.3532672E-02
  30560.00  1.3490193E-02
  30561.00  1.3443678E-02
  30562.00  1.3393921E-02
  30563.00  1.3341895E-02
  30564.00  1.3288766E-02
  30565.00  1.3235854E-02
  30566.00  1.3184562E-02
  30567.00  1.3136270E-02
  30568.00  1.3092256E-02
  30569.00  1.3053636E-02
  30570.00  1.3021352E-02
  30571.00  1.2996185E-02
  30572.00  1.2978785E-02
  30573.00  1.2969686E-02
  30574.00  1.2969299E-02
  30575.00  1.2977867E-02
  30576.00  1.2995400E-02
  30577.00  1.3021602E-02
  30578.00  1.3055816E-02
  30579.00  1.3097006E-02
  30580.00  1.3143792E-02
  30581.00  1.3194533E-02
  30582.00  1.3247466E-02
  30583.00  1.3300859E-02
  30584.00  1.3353167E-02
  30585.00  1.3403155E-02
  30586.00  1.3449960E-02
  30587.00  1.3493103E-02
  30588.00  1.3532437E-02
  30589.00  1.3568066E-02
  30590.00  1.3600251E-02
  30591.00  1.3629328E-02
