    Energy    <xanes>    
   7072.00  5.2640689E-04
   7072.50  5.3239351E-04
   7073.00  5.3850980E-04
   7073.50  5.4476000E-04
   7074.00  5.5114855E-04
   7074.50  5.5768009E-04
   7075.00  5.6435946E-04
   7075.50  5.7119173E-04
   7076.00  5.7818220E-04
   7076.50  5.8533642E-04
   7077.00  5.9266021E-04
   7077.50  6.0015966E-04
   7078.00  6.0784117E-04
   7078.50  6.1571144E-04
   7079.00  6.2377750E-04
   7079.50  6.3204677E-04
   7080.00  6.4052701E-04
   7080.50  6.4922641E-04
   7081.00  6.5815357E-04
   7081.50  6.6731757E-04
   7082.00  6.7672797E-04
   7082.50  6.8639486E-04
   7083.00  6.9632888E-04
   7083.50  7.0654129E-04
   7084.00  7.1704400E-04
   7084.50  7.2784958E-04
   7085.00  7.3897138E-04
   7085.50  7.5042354E-04
   7086.00  7.6222108E-04
   7086.50  7.7437992E-04
   7087.00  7.8691702E-04
   7087.50  7.9985041E-04
   7088.00  8.1319933E-04
   7088.50  8.2698428E-04
   7089.00  8.4122716E-04
   7089.50  8.5595138E-04
   7090.00  8.7118203E-04
   7090.50  8.8694599E-04
   7091.00  9.0327212E-04
   7091.50  9.2019145E-04
   7092.00  9.3773742E-04
   7092.50  9.5594606E-04
   7093.00  9.7485633E-04
   7093.50  9.9451040E-04
   7094.00  1.0149540E-03
   7094.50  1.0362369E-03
   7095.00  1.0584131E-03
   7095.50  1.0815419E-03
   7096.00  1.1056878E-03
   7096.50  1.1309219E-03
   7097.00  1.1573224E-03
   7097.50  1.1849756E-03
   7098.00  1.2139770E-03
   7098.50  1.2444329E-03
   7099.00  1.2764621E-03
   7099.50  1.3101978E-03
   7100.00  1.3457899E-03
   7100.50  1.3834085E-03
   7101.00  1.4232477E-03
   7101.50  1.4655300E-03
   7102.00  1.5105132E-03
   7102.50  1.5584980E-03
   7103.00  1.6098392E-03
   7103.50  1.6649596E-03
   7104.00  1.7243705E-03
   7104.50  1.7886990E-03
   7105.00  1.8587282E-03
   7105.50  1.9354562E-03
   7106.00  2.0201860E-03
   7106.50  2.1146668E-03
   7107.00  2.2213244E-03
   7107.10  2.2443997E-03
   7107.20  2.2681311E-03
   7107.30  2.2925563E-03
   7107.40  2.3177164E-03
   7107.50  2.3436561E-03
   7107.60  2.3704242E-03
   7107.70  2.3980745E-03
   7107.80  2.4266656E-03
   7107.90  2.4562625E-03
   7108.00  2.4869365E-03
   7108.10  2.5187669E-03
   7108.20  2.5518412E-03
   7108.30  2.5862572E-03
   7108.40  2.6221236E-03
   7108.50  2.6595624E-03
   7108.60  2.6987101E-03
   7108.70  2.7397208E-03
   7108.80  2.7827683E-03
   7108.90  2.8280496E-03
   7109.00  2.8757889E-03
   7109.10  2.9262423E-03
   7109.20  2.9797032E-03
   7109.30  3.0365094E-03
   7109.40  3.0970513E-03
   7109.50  3.1617823E-03
   7109.60  3.2312311E-03
   7109.70  3.3060175E-03
   7109.80  3.3868714E-03
   7109.90  3.4746571E-03
   7110.00  3.5704035E-03
   7110.10  3.6753424E-03
   7110.20  3.7909565E-03
   7110.30  3.9190418E-03
   7110.40  4.0617854E-03
   7110.50  4.2218674E-03
   7110.60  4.4025890E-03
   7110.70  4.6080375E-03
   7110.80  4.8432932E-03
   7110.90  5.1146858E-03
   7111.00  5.4300982E-03
   7111.10  5.7992995E-03
   7111.20  6.2342482E-03
   7111.30  6.7492214E-03
   7111.40  7.3604735E-03
   7111.50  8.0848858E-03
   7111.60  8.9368010E-03
   7111.70  9.9222309E-03
   7111.80  1.1030426E-02
   7111.90  1.2224648E-02
   7112.00  1.3435432E-02
   7112.10  1.4558466E-02
   7112.20  1.5461074E-02
   7112.30  1.6004212E-02
   7112.40  1.6086436E-02
   7112.50  1.5693351E-02
   7112.60  1.4912557E-02
   7112.70  1.3895516E-02
   7112.80  1.2796326E-02
   7112.90  1.1729730E-02
   7113.00  1.0761507E-02
   7113.10  9.9187763E-03
   7113.20  9.2048173E-03
   7113.30  8.6107366E-03
   7113.40  8.1226778E-03
   7113.50  7.7257111E-03
   7113.60  7.4057610E-03
   7113.70  7.1504651E-03
   7113.80  6.9494387E-03
   7113.90  6.7941981E-03
   7114.00  6.6779086E-03
   7114.10  6.5950823E-03
   7114.20  6.5413009E-03
   7114.30  6.5129944E-03
   7114.40  6.5072759E-03
   7114.50  6.5218216E-03
   7114.60  6.5547801E-03
   7114.70  6.6047039E-03
   7114.80  6.6704936E-03
   7114.90  6.7513516E-03
   7115.00  6.8467421E-03
   7115.10  6.9563579E-03
   7115.20  7.0800935E-03
   7115.30  7.2180249E-03
   7115.40  7.3703956E-03
   7115.50  7.5376092E-03
   7115.60  7.7202270E-03
   7115.70  7.9189709E-03
   7115.80  8.1347313E-03
   7115.90  8.3685809E-03
   7116.00  8.6217921E-03
   7116.10  8.8958590E-03
   7116.20  9.1925204E-03
   7116.30  9.5137850E-03
   7116.40  9.8619600E-03
   7116.50  1.0239685E-02
   7116.60  1.0649971E-02
   7116.70  1.1096241E-02
   7116.80  1.1582374E-02
   7116.90  1.2112734E-02
   7117.00  1.2692191E-02
   7117.20  1.4020375E-02
   7117.40  1.5615203E-02
   7117.60  1.7529370E-02
   7117.80  1.9813904E-02
   7118.00  2.2507151E-02
   7118.20  2.5616845E-02
   7118.40  2.9104441E-02
   7118.60  3.2900892E-02
   7118.80  3.6963513E-02
   7119.00  4.1317456E-02
   7119.20  4.6029263E-02
   7119.40  5.1136602E-02
   7119.60  5.6576695E-02
   7119.80  6.2140337E-02
   7120.00  6.7488741E-02
   7120.20  7.2252165E-02
   7120.40  7.6148395E-02
   7120.60  7.9037170E-02
   7120.80  8.0925874E-02
   7121.00  8.1977852E-02
   7121.20  8.2489811E-02
   7121.40  8.2801037E-02
   7121.60  8.3191162E-02
   7121.80  8.3838672E-02
   7122.00  8.4836416E-02
   7122.20  8.6212796E-02
   7122.40  8.7930197E-02
   7122.60  8.9878128E-02
   7122.80  9.1895040E-02
   7123.00  9.3828655E-02
   7123.20  9.5606347E-02
   7123.40  9.7270679E-02
   7123.60  9.8957497E-02
   7123.80  1.0083402E-01
   7124.00  1.0303447E-01
   7124.20  1.0561992E-01
   7124.40  1.0856857E-01
   7124.60  1.1178968E-01
   7124.80  1.1515136E-01
   7125.00  1.1851305E-01
   7125.20  1.2175453E-01
   7125.40  1.2479563E-01
   7125.60  1.2760330E-01
   7125.80  1.3018610E-01
   7126.00  1.3257916E-01
   7126.20  1.3482469E-01
   7126.40  1.3695390E-01
   7126.60  1.3897469E-01
   7126.80  1.4086778E-01
   7127.00  1.4259099E-01
   7127.20  1.4408983E-01
   7127.40  1.4531100E-01
   7127.60  1.4621486E-01
   7127.80  1.4678349E-01
   7128.00  1.4702273E-01
   7128.20  1.4695870E-01
   7128.40  1.4663123E-01
   7128.60  1.4608661E-01
   7128.80  1.4537162E-01
   7129.00  1.4452973E-01
   7129.20  1.4359928E-01
   7129.40  1.4261315E-01
   7129.60  1.4159925E-01
   7129.80  1.4058136E-01
   7130.00  1.3957996E-01
   7130.20  1.3861277E-01
   7130.40  1.3769509E-01
   7130.60  1.3683999E-01
   7130.80  1.3605824E-01
   7131.00  1.3535833E-01
   7131.20  1.3474641E-01
   7131.40  1.3422630E-01
   7131.60  1.3379957E-01
   7131.80  1.3346562E-01
   7132.00  1.3322187E-01
   7133.00  1.3315567E-01
   7134.00  1.3427547E-01
   7135.00  1.3571885E-01
   7136.00  1.3717336E-01
   7137.00  1.3869977E-01
   7138.00  1.4035850E-01
   7139.00  1.4202319E-01
   7140.00  1.4339748E-01
   7141.00  1.4411895E-01
   7142.00  1.4387025E-01
   7143.00  1.4247488E-01
   7144.00  1.3998013E-01
   7145.00  1.3667289E-01
   7146.00  1.3296309E-01
   7147.00  1.2920712E-01
   7148.00  1.2561022E-01
   7149.00  1.2224778E-01
   7150.00  1.1914206E-01
   7151.00  1.1632166E-01
   7152.00  1.1383437E-01
   7153.00  1.1172625E-01
   7154.00  1.1001702E-01
   7155.00  1.0869217E-01
   7156.00  1.0771220E-01
   7157.00  1.0702814E-01
   7158.00  1.0659464E-01
   7159.00  1.0637708E-01
   7160.00  1.0635217E-01
   7161.00  1.0650362E-01
   7162.00  1.0681672E-01
   7163.00  1.0727573E-01
   7164.00  1.0786483E-01
   7165.00  1.0857076E-01
   7166.00  1.0938454E-01
   7167.00  1.1030056E-01
   7168.00  1.1131337E-01
   7169.00  1.1241390E-01
   7170.00  1.1358767E-01
   7171.00  1.1481551E-01
   7172.00  1.1607636E-01
   7173.00  1.1735029E-01
   7174.00  1.1862019E-01
   7175.00  1.1987144E-01
   7176.00  1.2109053E-01
   7177.00  1.2226403E-01
   7178.00  1.2337889E-01
   7179.00  1.2442335E-01
   7180.00  1.2538798E-01
   7181.00  1.2626686E-01
   7182.00  1.2705933E-01
   7183.00  1.2777177E-01
   7184.00  1.2841787E-01
   7185.00  1.2901651E-01
   7186.00  1.2958773E-01
   7187.00  1.3014853E-01
   7188.00  1.3070992E-01
   7189.00  1.3127544E-01
   7190.00  1.3184106E-01
   7191.00  1.3239585E-01
   7192.00  1.3292369E-01
   7193.00  1.3340609E-01
   7194.00  1.3382610E-01
   7195.00  1.3417233E-01
   7196.00  1.3444206E-01
   7197.00  1.3464223E-01
   7198.00  1.3478792E-01
   7199.00  1.3489910E-01
   7200.00  1.3499666E-01
   7201.00  1.3509875E-01
   7202.00  1.3521810E-01
   7203.00  1.3536062E-01
   7204.00  1.3552534E-01
   7205.00  1.3570582E-01
   7206.00  1.3589240E-01
   7207.00  1.3607505E-01
   7208.00  1.3624565E-01
   7209.00  1.3639942E-01
   7210.00  1.3653505E-01
   7211.00  1.3665385E-01
   7212.00  1.3675849E-01
