    Energy    <xanes>    
   7072.00  2.4693059E-04
   7072.50  2.4982817E-04
   7073.00  2.5278926E-04
   7073.50  2.5581594E-04
   7074.00  2.5891040E-04
   7074.50  2.6207492E-04
   7075.00  2.6531187E-04
   7075.50  2.6862375E-04
   7076.00  2.7201318E-04
   7076.50  2.7548288E-04
   7077.00  2.7903570E-04
   7077.50  2.8267466E-04
   7078.00  2.8640289E-04
   7078.50  2.9022368E-04
   7079.00  2.9414051E-04
   7079.50  2.9815702E-04
   7080.00  3.0227702E-04
   7080.50  3.0650454E-04
   7081.00  3.1084381E-04
   7081.50  3.1529929E-04
   7082.00  3.1987569E-04
   7082.50  3.2457796E-04
   7083.00  3.2941133E-04
   7083.50  3.3438134E-04
   7084.00  3.3949382E-04
   7084.50  3.4475497E-04
   7085.00  3.5017132E-04
   7085.50  3.5574982E-04
   7086.00  3.6149783E-04
   7086.50  3.6742315E-04
   7087.00  3.7353410E-04
   7087.50  3.7983951E-04
   7088.00  3.8634879E-04
   7088.50  3.9307195E-04
   7089.00  4.0001969E-04
   7089.50  4.0720345E-04
   7090.00  4.1463544E-04
   7090.50  4.2232874E-04
   7091.00  4.3029739E-04
   7091.50  4.3855644E-04
   7092.00  4.4712207E-04
   7092.50  4.5601172E-04
   7093.00  4.6524416E-04
   7093.50  4.7483966E-04
   7094.00  4.8482016E-04
   7094.50  4.9520939E-04
   7095.00  5.0603314E-04
   7095.50  5.1731940E-04
   7096.00  5.2909868E-04
   7096.50  5.4140428E-04
   7097.00  5.5427260E-04
   7097.50  5.6774354E-04
   7098.00  5.8186096E-04
   7098.50  5.9667314E-04
   7099.00  6.1223340E-04
   7099.50  6.2860083E-04
   7100.00  6.4584103E-04
   7100.50  6.6402714E-04
   7101.00  6.8324093E-04
   7101.50  7.0357421E-04
   7102.00  7.2513048E-04
   7102.50  7.4802687E-04
   7103.00  7.7239665E-04
   7103.50  7.9839222E-04
   7104.00  8.2618888E-04
   7104.50  8.5598956E-04
   7105.00  8.8803091E-04
   7105.50  9.2259117E-04
   7106.00  9.6000054E-04
   7106.50  1.0006551E-03
   7107.00  1.0450362E-03
   7107.10  1.0544095E-03
   7107.20  1.0639605E-03
   7107.30  1.0736948E-03
   7107.40  1.0836184E-03
   7107.50  1.0937375E-03
   7107.60  1.1040585E-03
   7107.70  1.1145883E-03
   7107.80  1.1253341E-03
   7107.90  1.1363035E-03
   7108.00  1.1475045E-03
   7108.10  1.1589455E-03
   7108.20  1.1706353E-03
   7108.30  1.1825835E-03
   7108.40  1.1948000E-03
   7108.50  1.2072954E-03
   7108.60  1.2200810E-03
   7108.70  1.2331687E-03
   7108.80  1.2465713E-03
   7108.90  1.2603026E-03
   7109.00  1.2743769E-03
   7109.10  1.2888101E-03
   7109.20  1.3036190E-03
   7109.30  1.3188216E-03
   7109.40  1.3344375E-03
   7109.50  1.3504879E-03
   7109.60  1.3669957E-03
   7109.70  1.3839860E-03
   7109.80  1.4014862E-03
   7109.90  1.4195261E-03
   7110.00  1.4381387E-03
   7110.10  1.4573605E-03
   7110.20  1.4772319E-03
   7110.30  1.4977980E-03
   7110.40  1.5191091E-03
   7110.50  1.5412222E-03
   7110.60  1.5642018E-03
   7110.70  1.5881211E-03
   7110.80  1.6130643E-03
   7110.90  1.6391279E-03
   7111.00  1.6664235E-03
   7111.10  1.6950798E-03
   7111.20  1.7252445E-03
   7111.30  1.7570850E-03
   7111.40  1.7907856E-03
   7111.50  1.8265410E-03
   7111.60  1.8645446E-03
   7111.70  1.9049768E-03
   7111.80  1.9480171E-03
   7111.90  1.9940549E-03
   7112.00  2.0433895E-03
   7112.10  2.0963120E-03
   7112.20  2.1532034E-03
   7112.30  2.2145595E-03
   7112.40  2.2810318E-03
   7112.50  2.3534751E-03
   7112.60  2.4329882E-03
   7112.70  2.5209390E-03
   7112.80  2.6189826E-03
   7112.90  2.7290702E-03
   7113.00  2.8534311E-03
   7113.10  2.9944754E-03
   7113.20  3.1545349E-03
   7113.30  3.3353312E-03
   7113.40  3.5370787E-03
   7113.50  3.7572580E-03
   7113.60  3.9893670E-03
   7113.70  4.2222940E-03
   7113.80  4.4410964E-03
   7113.90  4.6296025E-03
   7114.00  4.7743163E-03
   7114.10  4.8680431E-03
   7114.20  4.9115185E-03
   7114.30  4.9128184E-03
   7114.40  4.8856235E-03
   7114.50  4.8467259E-03
   7114.60  4.8127025E-03
   7114.70  4.7967919E-03
   7114.80  4.8073429E-03
   7114.90  4.8480189E-03
   7115.00  4.9190135E-03
   7115.10  5.0185910E-03
   7115.20  5.1446030E-03
   7115.30  5.2956444E-03
   7115.40  5.4714516E-03
   7115.50  5.6725012E-03
   7115.60  5.8992589E-03
   7115.70  6.1515274E-03
   7115.80  6.4279520E-03
   7115.90  6.7255825E-03
   7116.00  7.0396351E-03
   7116.10  7.3639392E-03
   7116.20  7.6925287E-03
   7116.30  8.0221876E-03
   7116.40  8.3548289E-03
   7116.50  8.6982676E-03
   7116.60  9.0648336E-03
   7116.70  9.4686679E-03
   7116.80  9.9231488E-03
   7116.90  1.0439357E-02
   7117.00  1.1025605E-02
   7117.20  1.2428598E-02
   7117.40  1.4150394E-02
   7117.60  1.6174961E-02
   7117.80  1.8453647E-02
   7118.00  2.0911487E-02
   7118.20  2.3450598E-02
   7118.40  2.5934247E-02
   7118.60  2.8164918E-02
   7118.80  2.9918360E-02
   7119.00  3.1066061E-02
   7119.20  3.1683627E-02
   7119.40  3.2012527E-02
   7119.60  3.2315756E-02
   7119.80  3.2768798E-02
   7120.00  3.3434257E-02
   7120.20  3.4279606E-02
   7120.40  3.5204588E-02
   7120.60  3.6076885E-02
   7120.80  3.6779811E-02
   7121.00  3.7257492E-02
   7121.20  3.7531246E-02
   7121.40  3.7678610E-02
   7121.60  3.7795262E-02
   7121.80  3.7965782E-02
   7122.00  3.8252473E-02
   7122.20  3.8696654E-02
   7122.40  3.9324214E-02
   7122.60  4.0150958E-02
   7122.80  4.1186318E-02
   7123.00  4.2435131E-02
   7123.20  4.3897464E-02
   7123.40  4.5567009E-02
   7123.60  4.7429200E-02
   7123.80  4.9460332E-02
   7124.00  5.1628226E-02
   7124.20  5.3893795E-02
   7124.40  5.6212420E-02
   7124.60  5.8534782E-02
   7124.80  6.0808022E-02
   7125.00  6.2978598E-02
   7125.20  6.4997415E-02
   7125.40  6.6826175E-02
   7125.60  6.8442663E-02
   7125.80  6.9842681E-02
   7126.00  7.1037648E-02
   7126.20  7.2048755E-02
   7126.40  7.2899809E-02
   7126.60  7.3611003E-02
   7126.80  7.4195038E-02
   7127.00  7.4655940E-02
   7127.20  7.4990092E-02
   7127.40  7.5188665E-02
   7127.60  7.5240617E-02
   7127.80  7.5135644E-02
   7128.00  7.4866607E-02
   7128.20  7.4431237E-02
   7128.40  7.3833013E-02
   7128.60  7.3081286E-02
   7128.80  7.2190782E-02
   7129.00  7.1180659E-02
   7129.20  7.0073270E-02
   7129.40  6.8892790E-02
   7129.60  6.7663838E-02
   7129.80  6.6410226E-02
   7130.00  6.5153927E-02
   7130.20  6.3914340E-02
   7130.40  6.2707859E-02
   7130.60  6.1547740E-02
   7130.80  6.0444210E-02
   7131.00  5.9404746E-02
   7131.20  5.8434460E-02
   7131.40  5.7536526E-02
   7131.60  5.6712603E-02
   7131.80  5.5963213E-02
   7132.00  5.5288062E-02
   7133.00  5.2985142E-02
   7134.00  5.2309833E-02
   7135.00  5.2972866E-02
   7136.00  5.4590250E-02
   7137.00  5.6740450E-02
   7138.00  5.9085270E-02
   7139.00  6.1453367E-02
   7140.00  6.3817520E-02
   7141.00  6.6195036E-02
   7142.00  6.8563767E-02
   7143.00  7.0846368E-02
   7144.00  7.2935764E-02
   7145.00  7.4711888E-02
   7146.00  7.6039975E-02
   7147.00  7.6777845E-02
   7148.00  7.6810222E-02
   7149.00  7.6093065E-02
   7150.00  7.4674817E-02
   7151.00  7.2681002E-02
   7152.00  7.0277553E-02
   7153.00  6.7635239E-02
   7154.00  6.4905936E-02
   7155.00  6.2210979E-02
   7156.00  5.9638882E-02
   7157.00  5.7249416E-02
   7158.00  5.5080853E-02
   7159.00  5.3157221E-02
   7160.00  5.1493358E-02
   7161.00  5.0097393E-02
   7162.00  4.8971959E-02
   7163.00  4.8115826E-02
   7164.00  4.7526419E-02
   7165.00  4.7202219E-02
   7166.00  4.7143508E-02
   7167.00  4.7350743E-02
   7168.00  4.7821192E-02
   7169.00  4.8545266E-02
   7170.00  4.9503942E-02
   7171.00  5.0667940E-02
   7172.00  5.1998650E-02
   7173.00  5.3450466E-02
   7174.00  5.4974131E-02
   7175.00  5.6520610E-02
   7176.00  5.8044823E-02
   7177.00  5.9508665E-02
   7178.00  6.0883017E-02
   7179.00  6.2148724E-02
   7180.00  6.3296425E-02
   7181.00  6.4325103E-02
   7182.00  6.5239422E-02
   7183.00  6.6046399E-02
   7184.00  6.6752229E-02
   7185.00  6.7360123E-02
   7186.00  6.7869654E-02
   7187.00  6.8277662E-02
   7188.00  6.8580244E-02
   7189.00  6.8775062E-02
   7190.00  6.8863095E-02
   7191.00  6.8849088E-02
   7192.00  6.8740492E-02
   7193.00  6.8545346E-02
   7194.00  6.8270164E-02
   7195.00  6.7918970E-02
   7196.00  6.7494012E-02
   7197.00  6.6997841E-02
   7198.00  6.6435726E-02
   7199.00  6.5817305E-02
   7200.00  6.5156813E-02
   7201.00  6.4471892E-02
   7202.00  6.3781521E-02
   7203.00  6.3103791E-02
   7204.00  6.2454118E-02
   7205.00  6.1844184E-02
   7206.00  6.1281641E-02
   7207.00  6.0770397E-02
   7208.00  6.0311302E-02
   7209.00  5.9902978E-02
   7210.00  5.9542620E-02
   7211.00  5.9226613E-02
   7212.00  5.8950938E-02
