    Energy    <xanes>    
   7072.00  1.2903339E-04
   7072.50  1.3057528E-04
   7073.00  1.3215147E-04
   7073.50  1.3376310E-04
   7074.00  1.3541134E-04
   7074.50  1.3709745E-04
   7075.00  1.3882273E-04
   7075.50  1.4058853E-04
   7076.00  1.4239627E-04
   7076.50  1.4424745E-04
   7077.00  1.4614363E-04
   7077.50  1.4808643E-04
   7078.00  1.5007759E-04
   7078.50  1.5211888E-04
   7079.00  1.5421222E-04
   7079.50  1.5635957E-04
   7080.00  1.5856303E-04
   7080.50  1.6082480E-04
   7081.00  1.6314718E-04
   7081.50  1.6553261E-04
   7082.00  1.6798366E-04
   7082.50  1.7050304E-04
   7083.00  1.7309360E-04
   7083.50  1.7575836E-04
   7084.00  1.7850052E-04
   7084.50  1.8132346E-04
   7085.00  1.8423074E-04
   7085.50  1.8722617E-04
   7086.00  1.9031377E-04
   7086.50  1.9349781E-04
   7087.00  1.9678283E-04
   7087.50  2.0017367E-04
   7088.00  2.0367546E-04
   7088.50  2.0729371E-04
   7089.00  2.1103426E-04
   7089.50  2.1490338E-04
   7090.00  2.1890777E-04
   7090.50  2.2305461E-04
   7091.00  2.2735159E-04
   7091.50  2.3180701E-04
   7092.00  2.3642976E-04
   7092.50  2.4122944E-04
   7093.00  2.4621642E-04
   7093.50  2.5140190E-04
   7094.00  2.5679804E-04
   7094.50  2.6241801E-04
   7095.00  2.6827616E-04
   7095.50  2.7438814E-04
   7096.00  2.8077107E-04
   7096.50  2.8744368E-04
   7097.00  2.9442661E-04
   7097.50  3.0174258E-04
   7098.00  3.0941677E-04
   7098.50  3.1747710E-04
   7099.00  3.2595476E-04
   7099.50  3.3488468E-04
   7100.00  3.4430617E-04
   7100.50  3.5426380E-04
   7101.00  3.6480833E-04
   7101.50  3.7599806E-04
   7102.00  3.8790044E-04
   7102.50  4.0059429E-04
   7103.00  4.1417267E-04
   7103.50  4.2874678E-04
   7104.00  4.4445145E-04
   7104.50  4.6145278E-04
   7105.00  4.7995932E-04
   7105.50  5.0023878E-04
   7106.00  5.2264364E-04
   7106.50  5.4765202E-04
   7107.00  5.7593543E-04
   7107.10  5.8206413E-04
   7107.20  5.8837132E-04
   7107.30  5.9486769E-04
   7107.40  6.0156492E-04
   7107.50  6.0847580E-04
   7107.60  6.1561435E-04
   7107.70  6.2299601E-04
   7107.80  6.3063777E-04
   7107.90  6.3855843E-04
   7108.00  6.4677880E-04
   7108.10  6.5532199E-04
   7108.20  6.6421375E-04
   7108.30  6.7348283E-04
   7108.40  6.8316146E-04
   7108.50  6.9328581E-04
   7108.60  7.0389669E-04
   7108.70  7.1504021E-04
   7108.80  7.2676872E-04
   7108.90  7.3914181E-04
   7109.00  7.5222759E-04
   7109.10  7.6610422E-04
   7109.20  7.8086170E-04
   7109.30  7.9660415E-04
   7109.40  8.1345250E-04
   7109.50  8.3154789E-04
   7109.60  8.5105579E-04
   7109.70  8.7217114E-04
   7109.80  8.9512480E-04
   7109.90  9.2019157E-04
   7110.00  9.4770039E-04
   7110.10  9.7804721E-04
   7110.20  1.0117114E-03
   7110.30  1.0492767E-03
   7110.40  1.0914581E-03
   7110.50  1.1391367E-03
   7110.60  1.1934039E-03
   7110.70  1.2556183E-03
   7110.80  1.3274780E-03
   7110.90  1.4111102E-03
   7111.00  1.5091781E-03
   7111.10  1.6249996E-03
   7111.20  1.7626568E-03
   7111.30  1.9270446E-03
   7111.40  2.1237426E-03
   7111.50  2.3584809E-03
   7111.60  2.6357841E-03
   7111.70  2.9561800E-03
   7111.80  3.3114067E-03
   7111.90  3.6780460E-03
   7112.00  4.0128397E-03
   7112.10  4.2568098E-03
   7112.20  4.3553397E-03
   7112.30  4.2861513E-03
   7112.40  4.0725954E-03
   7112.50  3.7690424E-03
   7112.60  3.4330039E-03
   7112.70  3.1064463E-03
   7112.80  2.8123344E-03
   7112.90  2.5593678E-03
   7113.00  2.3478589E-03
   7113.10  2.1740550E-03
   7113.20  2.0327436E-03
   7113.30  1.9186298E-03
   7113.40  1.8269539E-03
   7113.50  1.7536889E-03
   7113.60  1.6955361E-03
   7113.70  1.6498424E-03
   7113.80  1.6144991E-03
   7113.90  1.5878419E-03
   7114.00  1.5685589E-03
   7114.10  1.5556111E-03
   7114.20  1.5481700E-03
   7114.30  1.5455716E-03
   7114.40  1.5472823E-03
   7114.50  1.5528742E-03
   7114.60  1.5620058E-03
   7114.70  1.5744069E-03
   7114.80  1.5898671E-03
   7114.90  1.6082258E-03
   7115.00  1.6293655E-03
   7115.10  1.6532052E-03
   7115.20  1.6796968E-03
   7115.30  1.7088214E-03
   7115.40  1.7405865E-03
   7115.50  1.7750250E-03
   7115.60  1.8121936E-03
   7115.70  1.8521726E-03
   7115.80  1.8950658E-03
   7115.90  1.9410014E-03
   7116.00  1.9901325E-03
   7116.10  2.0426393E-03
   7116.20  2.0987308E-03
   7116.30  2.1586478E-03
   7116.40  2.2226661E-03
   7116.50  2.2911005E-03
   7116.60  2.3643100E-03
   7116.70  2.4427027E-03
   7116.80  2.5267431E-03
   7116.90  2.6169594E-03
   7117.00  2.7139517E-03
   7117.20  2.9310820E-03
   7117.40  3.1847373E-03
   7117.60  3.4832434E-03
   7117.80  3.8366824E-03
   7118.00  4.2563532E-03
   7118.20  4.7534447E-03
   7118.40  5.3374120E-03
   7118.60  6.0149402E-03
   7118.80  6.7895113E-03
   7119.00  7.6618153E-03
   7119.20  8.6327767E-03
   7119.40  9.7078364E-03
   7119.60  1.0895120E-02
   7119.80  1.2192605E-02
   7120.00  1.3570103E-02
   7120.20  1.4958177E-02
   7120.40  1.6255256E-02
   7120.60  1.7358392E-02
   7120.80  1.8206288E-02
   7121.00  1.8806664E-02
   7121.20  1.9230359E-02
   7121.40  1.9581006E-02
   7121.60  1.9960392E-02
   7121.80  2.0443992E-02
   7122.00  2.1070811E-02
   7122.20  2.1844889E-02
   7122.40  2.2744775E-02
   7122.60  2.3737592E-02
   7122.80  2.4793158E-02
   7123.00  2.5892585E-02
   7123.20  2.7028268E-02
   7123.40  2.8197605E-02
   7123.60  2.9395998E-02
   7123.80  3.0613227E-02
   7124.00  3.1834219E-02
   7124.20  3.3042891E-02
   7124.40  3.4226154E-02
   7124.60  3.5374990E-02
   7124.80  3.6481881E-02
   7125.00  3.7537293E-02
   7125.20  3.8528746E-02
   7125.40  3.9443446E-02
   7125.60  4.0272562E-02
   7125.80  4.1014572E-02
   7126.00  4.1676444E-02
   7126.20  4.2272741E-02
   7126.40  4.2823227E-02
   7126.60  4.3349634E-02
   7126.80  4.3872231E-02
   7127.00  4.4406855E-02
   7127.20  4.4962871E-02
   7127.40  4.5542304E-02
   7127.60  4.6140136E-02
   7127.80  4.6745499E-02
   7128.00  4.7343319E-02
   7128.20  4.7915963E-02
   7128.40  4.8444580E-02
   7128.60  4.8910115E-02
   7128.80  4.9294137E-02
   7129.00  4.9579701E-02
   7129.20  4.9752369E-02
   7129.40  4.9801320E-02
   7129.60  4.9720336E-02
   7129.80  4.9508415E-02
   7130.00  4.9169825E-02
   7130.20  4.8713595E-02
   7130.40  4.8152577E-02
   7130.60  4.7502294E-02
   7130.80  4.6779779E-02
   7131.00  4.6002558E-02
   7131.20  4.5187835E-02
   7131.40  4.4351879E-02
   7131.60  4.3509589E-02
   7131.80  4.2674208E-02
   7132.00  4.1857148E-02
   7133.00  3.8313671E-02
   7134.00  3.5927622E-02
   7135.00  3.4554706E-02
   7136.00  3.3871870E-02
   7137.00  3.3603561E-02
   7138.00  3.3518451E-02
   7139.00  3.3412107E-02
   7140.00  3.3128923E-02
   7141.00  3.2587720E-02
   7142.00  3.1784227E-02
   7143.00  3.0770135E-02
   7144.00  2.9628145E-02
   7145.00  2.8452432E-02
   7146.00  2.7329782E-02
   7147.00  2.6324915E-02
   7148.00  2.5476589E-02
   7149.00  2.4801634E-02
   7150.00  2.4300350E-02
   7151.00  2.3961506E-02
   7152.00  2.3768254E-02
   7153.00  2.3704188E-02
   7154.00  2.3757021E-02
   7155.00  2.3918821E-02
   7156.00  2.4183827E-02
   7157.00  2.4545595E-02
   7158.00  2.4994851E-02
   7159.00  2.5518841E-02
   7160.00  2.6102305E-02
   7161.00  2.6729443E-02
   7162.00  2.7385832E-02
   7163.00  2.8059465E-02
   7164.00  2.8740763E-02
   7165.00  2.9421689E-02
   7166.00  3.0094037E-02
   7167.00  3.0747360E-02
   7168.00  3.1367699E-02
   7169.00  3.1938326E-02
   7170.00  3.2442599E-02
   7171.00  3.2867682E-02
   7172.00  3.3207304E-02
   7173.00  3.3462487E-02
   7174.00  3.3640461E-02
   7175.00  3.3752712E-02
   7176.00  3.3812996E-02
   7177.00  3.3835530E-02
   7178.00  3.3833285E-02
   7179.00  3.3816462E-02
   7180.00  3.3791592E-02
   7181.00  3.3761683E-02
   7182.00  3.3727456E-02
   7183.00  3.3689089E-02
   7184.00  3.3647674E-02
   7185.00  3.3605755E-02
   7186.00  3.3566875E-02
   7187.00  3.3534554E-02
   7188.00  3.3511264E-02
   7189.00  3.3497780E-02
   7190.00  3.3493015E-02
   7191.00  3.3494224E-02
   7192.00  3.3497421E-02
   7193.00  3.3497849E-02
   7194.00  3.3490370E-02
   7195.00  3.3469747E-02
   7196.00  3.3430791E-02
   7197.00  3.3368451E-02
   7198.00  3.3277968E-02
   7199.00  3.3155233E-02
   7200.00  3.2997451E-02
   7201.00  3.2804018E-02
   7202.00  3.2577342E-02
   7203.00  3.2323208E-02
   7204.00  3.2050366E-02
   7205.00  3.1769325E-02
   7206.00  3.1490696E-02
   7207.00  3.1223599E-02
   7208.00  3.0974632E-02
   7209.00  3.0747610E-02
   7210.00  3.0543971E-02
   7211.00  3.0363499E-02
   7212.00  3.0205008E-02
