    Energy    <xanes>    
   7072.00  5.3827273E-04
   7072.50  5.4315684E-04
   7073.00  5.4956776E-04
   7073.50  5.5612296E-04
   7074.00  5.6282735E-04
   7074.50  5.6968604E-04
   7075.00  5.7670440E-04
   7075.50  5.8388805E-04
   7076.00  5.9124286E-04
   7076.50  5.9877501E-04
   7077.00  6.0649095E-04
   7077.50  6.1439746E-04
   7078.00  6.2250165E-04
   7078.50  6.3081101E-04
   7079.00  6.3933338E-04
   7079.50  6.4807702E-04
   7080.00  6.5705063E-04
   7080.50  6.6626336E-04
   7081.00  6.7572486E-04
   7081.50  6.8544529E-04
   7082.00  6.9543540E-04
   7082.50  7.0570650E-04
   7083.00  7.1627058E-04
   7083.50  7.2714031E-04
   7084.00  7.3832909E-04
   7084.50  7.4985113E-04
   7085.00  7.6172149E-04
   7085.50  7.7395615E-04
   7086.00  7.8657209E-04
   7086.50  7.9958737E-04
   7087.00  8.1302119E-04
   7087.50  8.2689402E-04
   7088.00  8.4122769E-04
   7088.50  8.5604550E-04
   7089.00  8.7137237E-04
   7089.50  8.8723495E-04
   7090.00  9.0366181E-04
   7090.50  9.2068358E-04
   7091.00  9.3833319E-04
   7091.50  9.5664605E-04
   7092.00  9.7566032E-04
   7092.50  9.9541717E-04
   7093.00  1.0159611E-03
   7093.50  1.0373403E-03
   7094.00  1.0596069E-03
   7094.50  1.0828178E-03
   7095.00  1.1070348E-03
   7095.50  1.1323252E-03
   7096.00  1.1587629E-03
   7096.50  1.1864287E-03
   7097.00  1.2154114E-03
   7097.50  1.2458089E-03
   7098.00  1.2777294E-03
   7098.50  1.3112929E-03
   7099.00  1.3466329E-03
   7099.50  1.3838985E-03
   7100.00  1.4232569E-03
   7100.50  1.4648965E-03
   7101.00  1.5090308E-03
   7101.50  1.5559027E-03
   7102.00  1.6057907E-03
   7102.50  1.6590163E-03
   7103.00  1.7159536E-03
   7103.50  1.7770417E-03
   7104.00  1.8428023E-03
   7104.50  1.9138620E-03
   7105.00  1.9909853E-03
   7105.50  2.0751203E-03
   7106.00  2.1674670E-03
   7106.50  2.2695817E-03
   7107.00  2.3835419E-03
   7107.10  2.4077381E-03
   7107.20  2.4321688E-03
   7107.30  2.4579362E-03
   7107.40  2.4849572E-03
   7107.50  2.5122195E-03
   7107.60  2.5397392E-03
   7107.69  2.5661442E-03
   7107.74  2.5799543E-03
   7107.79  2.5928434E-03
   7107.89  2.6229894E-03
   7107.99  2.6540575E-03
   7108.09  2.6861047E-03
   7108.19  2.7191937E-03
   7108.29  2.7533932E-03
   7108.39  2.7887795E-03
   7108.49  2.8254366E-03
   7108.59  2.8634582E-03
   7108.69  2.9029484E-03
   7108.79  2.9440238E-03
   7108.89  2.9868151E-03
   7108.99  3.0314693E-03
   7109.09  3.0781527E-03
   7109.19  3.1270541E-03
   7109.29  3.1783883E-03
   7109.39  3.2324014E-03
   7109.49  3.2893761E-03
   7109.59  3.3496392E-03
   7109.69  3.4135698E-03
   7109.79  3.4816105E-03
   7109.89  3.5542805E-03
   7109.99  3.6321924E-03
   7110.09  3.7160732E-03
   7110.19  3.8067911E-03
   7110.29  3.9053888E-03
   7110.39  4.0131265E-03
   7110.49  4.1315366E-03
   7110.59  4.2624922E-03
   7110.69  4.4082941E-03
   7110.79  4.5717779E-03
   7110.89  4.7564413E-03
   7110.99  4.9665854E-03
   7111.09  5.2074482E-03
   7111.19  5.4852733E-03
   7111.29  5.8071979E-03
   7111.39  6.1807330E-03
   7111.49  6.6124757E-03
   7111.59  7.1056408E-03
   7111.69  7.6563650E-03
   7111.79  8.2500384E-03
   7111.89  8.8610018E-03
   7111.99  9.4593045E-03
   7112.09  1.0024067E-02
   7112.19  1.0554739E-02
   7112.29  1.1069903E-02
   7112.39  1.1592970E-02
   7112.49  1.2133205E-02
   7112.59  1.2672137E-02
   7112.69  1.3163052E-02
   7112.79  1.3546490E-02
   7112.89  1.3774505E-02
   7112.99  1.3826740E-02
   7113.09  1.3708808E-02
   7113.19  1.3443090E-02
   7113.29  1.3063190E-02
   7113.39  1.2609346E-02
   7113.49  1.2119832E-02
   7113.59  1.1623204E-02
   7113.69  1.1137512E-02
   7113.79  1.0674541E-02
   7113.89  1.0243695E-02
   7113.99  9.8534057E-03
   7114.09  9.5107587E-03
   7114.19  9.2204978E-03
   7114.29  8.9844623E-03
   7114.39  8.8019571E-03
   7114.49  8.6706598E-03
   7114.59  8.5874063E-03
   7114.69  8.5486619E-03
   7114.79  8.5508387E-03
   7114.89  8.5905744E-03
   7114.99  8.6649518E-03
   7115.09  8.7716279E-03
   7115.19  8.9088758E-03
   7115.29  9.0755719E-03
   7115.39  9.2711570E-03
   7115.49  9.4955933E-03
   7115.59  9.7493248E-03
   7115.69  1.0033246E-02
   7115.79  1.0348676E-02
   7115.89  1.0697345E-02
   7115.99  1.1081376E-02
   7116.09  1.1503281E-02
   7116.19  1.1965962E-02
   7116.29  1.2472721E-02
   7116.39  1.3027277E-02
   7116.49  1.3633796E-02
   7116.59  1.4296918E-02
   7116.69  1.5021764E-02
   7116.79  1.5813892E-02
   7116.89  1.6679169E-02
   7116.99  1.7623511E-02
   7117.09  1.8660215E-02
   7117.19  1.9771999E-02
   7117.29  2.0990425E-02
   7117.39  2.2289397E-02
   7117.49  2.3697669E-02
   7117.59  2.5183061E-02
   7117.69  2.6774206E-02
   7117.79  2.8443514E-02
   7117.99  3.2015009E-02
   7118.19  3.5898502E-02
   7118.39  4.0109852E-02
   7118.59  4.4676604E-02
   7118.79  4.9596011E-02
   7118.99  5.4791018E-02
   7119.19  6.0080991E-02
   7119.39  6.5177012E-02
   7119.59  6.9724002E-02
   7119.79  7.3415118E-02
   7119.99  7.6140520E-02
   7120.19  7.8054015E-02
   7120.39  7.9491831E-02
   7120.59  8.0820656E-02
   7120.79  8.2333732E-02
   7120.99  8.4234634E-02
   7121.19  8.6669675E-02
   7121.39  8.9753098E-02
   7121.59  9.3559702E-02
   7121.79  9.8095713E-02
   7121.99  1.0327345E-01
   7122.19  1.0891307E-01
   7122.39  1.1478177E-01
   7122.59  1.2065278E-01
   7122.79  1.2634243E-01
   7122.99  1.3170348E-01
   7123.19  1.3660279E-01
   7123.39  1.4092285E-01
   7123.59  1.4458786E-01
   7123.79  1.4758587E-01
   7123.99  1.4996752E-01
   7124.19  1.5182567E-01
   7124.39  1.5327124E-01
   7124.59  1.5441729E-01
   7124.79  1.5537297E-01
   7124.99  1.5624218E-01
   7125.19  1.5712221E-01
   7125.39  1.5810114E-01
   7125.59  1.5925503E-01
   7125.79  1.6064508E-01
   7125.99  1.6231378E-01
   7126.19  1.6427917E-01
   7126.39  1.6652813E-01
   7126.59  1.6901114E-01
   7126.79  1.7164151E-01
   7126.99  1.7430018E-01
   7127.19  1.7684544E-01
   7127.39  1.7912542E-01
   7127.59  1.8099135E-01
   7127.79  1.8231020E-01
   7127.99  1.8297614E-01
   7128.19  1.8292028E-01
   7128.39  1.8211747E-01
   7128.59  1.8058880E-01
   7128.79  1.7839867E-01
   7128.99  1.7564649E-01
   7129.19  1.7245458E-01
   7129.39  1.6895463E-01
   7129.59  1.6527531E-01
   7129.79  1.6153264E-01
   7129.99  1.5782399E-01
   7130.19  1.5422540E-01
   7130.39  1.5079174E-01
   7130.59  1.4755876E-01
   7130.79  1.4454617E-01
   7130.99  1.4176114E-01
   7131.19  1.3920166E-01
   7131.39  1.3685951E-01
   7131.59  1.3472270E-01
   7131.79  1.3277740E-01
   7131.99  1.3100922E-01
   7132.19  1.2942017E-01
   7132.39  1.2797282E-01
   7132.59  1.2665537E-01
   7132.79  1.2550699E-01
   7133.79  1.2119125E-01
   7134.79  1.1915805E-01
   7135.79  1.1897924E-01
   7136.79  1.2024377E-01
   7137.79  1.2236755E-01
   7138.79  1.2459122E-01
   7139.79  1.2615024E-01
   7140.79  1.2649696E-01
   7141.79  1.2544380E-01
   7142.79  1.2316606E-01
   7143.79  1.2007680E-01
   7144.79  1.1665290E-01
   7145.79  1.1330577E-01
   7146.79  1.1032789E-01
   7147.79  1.0788910E-01
   7148.79  1.0605481E-01
   7149.79  1.0481483E-01
   7150.79  1.0411533E-01
   7151.79  1.0388598E-01
   7152.79  1.0405741E-01
   7153.79  1.0456813E-01
   7154.79  1.0536430E-01
   7155.79  1.0639766E-01
   7156.79  1.0762504E-01
   7157.79  1.0900989E-01
   7158.79  1.1052412E-01
   7159.79  1.1214830E-01
   7160.79  1.1386971E-01
   7161.79  1.1567846E-01
   7162.79  1.1756249E-01
   7163.79  1.1950253E-01
   7164.79  1.2146857E-01
   7165.79  1.2341879E-01
   7166.79  1.2530190E-01
   7167.79  1.2706268E-01
   7168.79  1.2864986E-01
   7169.79  1.3002382E-01
   7170.79  1.3116104E-01
   7171.79  1.3205352E-01
   7172.79  1.3270444E-01
   7173.79  1.3312329E-01
   7174.79  1.3332354E-01
   7175.79  1.3332348E-01
   7176.79  1.3314836E-01
   7177.79  1.3283109E-01
   7178.79  1.3241018E-01
   7179.79  1.3192534E-01
   7180.79  1.3141273E-01
   7181.79  1.3090178E-01
   7182.79  1.3041430E-01
   7183.79  1.2996564E-01
   7184.79  1.2956674E-01
   7185.79  1.2922562E-01
   7186.79  1.2894789E-01
   7187.79  1.2873619E-01
   7188.79  1.2858966E-01
   7189.79  1.2850356E-01
   7190.79  1.2846972E-01
   7191.79  1.2847730E-01
   7192.79  1.2851395E-01
   7193.79  1.2856716E-01
   7194.79  1.2862543E-01
   7195.79  1.2867937E-01
   7196.79  1.2872255E-01
   7197.79  1.2875219E-01
   7198.79  1.2876978E-01
   7199.79  1.2878142E-01
   7200.79  1.2879759E-01
   7201.79  1.2883229E-01
   7202.79  1.2890151E-01
   7203.79  1.2902126E-01
   7204.79  1.2920528E-01
   7205.79  1.2946254E-01
   7206.79  1.2979510E-01
   7207.79  1.3019678E-01
   7208.79  1.3065341E-01
   7209.79  1.3114476E-01
   7210.79  1.3164786E-01
   7211.79  1.3214085E-01
