    Energy    <xanes>    
   7072.00  2.6031168E-04
   7072.50  2.6336421E-04
   7073.00  2.6648413E-04
   7073.50  2.6967369E-04
   7074.00  2.7293519E-04
   7074.50  2.7627109E-04
   7075.00  2.7968393E-04
   7075.50  2.8317638E-04
   7076.00  2.8675121E-04
   7076.50  2.9041136E-04
   7077.00  2.9415987E-04
   7077.50  2.9799995E-04
   7078.00  3.0193497E-04
   7078.50  3.0596844E-04
   7079.00  3.1010406E-04
   7079.50  3.1434574E-04
   7080.00  3.1869754E-04
   7080.50  3.2316378E-04
   7081.00  3.2774897E-04
   7081.50  3.3245789E-04
   7082.00  3.3729554E-04
   7082.50  3.4226723E-04
   7083.00  3.4737855E-04
   7083.50  3.5263539E-04
   7084.00  3.5804400E-04
   7084.50  3.6361096E-04
   7085.00  3.6934327E-04
   7085.50  3.7524833E-04
   7086.00  3.8133397E-04
   7086.50  3.8760853E-04
   7087.00  3.9408084E-04
   7087.50  4.0076032E-04
   7088.00  4.0765697E-04
   7088.50  4.1478144E-04
   7089.00  4.2214511E-04
   7089.50  4.2976011E-04
   7090.00  4.3763942E-04
   7090.50  4.4579691E-04
   7091.00  4.5424744E-04
   7091.50  4.6300697E-04
   7092.00  4.7209262E-04
   7092.50  4.8152281E-04
   7093.00  4.9131738E-04
   7093.50  5.0149772E-04
   7094.00  5.1208696E-04
   7094.50  5.2311010E-04
   7095.00  5.3459425E-04
   7095.50  5.4656886E-04
   7096.00  5.5906597E-04
   7096.50  5.7212050E-04
   7097.00  5.8577061E-04
   7097.50  6.0005811E-04
   7098.00  6.1502888E-04
   7098.50  6.3073346E-04
   7099.00  6.4722762E-04
   7099.50  6.6457315E-04
   7100.00  6.8283874E-04
   7100.50  7.0210100E-04
   7101.00  7.2244577E-04
   7101.50  7.4396969E-04
   7102.00  7.6678210E-04
   7102.50  7.9100749E-04
   7103.00  8.1678852E-04
   7103.50  8.4429002E-04
   7104.00  8.7370421E-04
   7104.50  9.0525766E-04
   7105.00  9.3922099E-04
   7105.50  9.7592259E-04
   7106.00  1.0157687E-03
   7106.50  1.0592738E-03
   7107.00  1.1071093E-03
   7107.10  1.1172706E-03
   7107.20  1.1276489E-03
   7107.30  1.1382537E-03
   7107.40  1.1490950E-03
   7107.50  1.1601837E-03
   7107.60  1.1715314E-03
   7107.70  1.1831509E-03
   7107.80  1.1950559E-03
   7107.90  1.2072613E-03
   7108.00  1.2197836E-03
   7108.10  1.2326406E-03
   7108.20  1.2458518E-03
   7108.30  1.2594389E-03
   7108.40  1.2734257E-03
   7108.50  1.2878387E-03
   7108.60  1.3027071E-03
   7108.70  1.3180638E-03
   7108.80  1.3339454E-03
   7108.90  1.3503933E-03
   7109.00  1.3674539E-03
   7109.10  1.3851801E-03
   7109.20  1.4036320E-03
   7109.30  1.4228784E-03
   7109.40  1.4429984E-03
   7109.50  1.4640834E-03
   7109.60  1.4862394E-03
   7109.70  1.5095902E-03
   7109.80  1.5342814E-03
   7109.90  1.5604845E-03
   7110.00  1.5884036E-03
   7110.10  1.6182822E-03
   7110.20  1.6504136E-03
   7110.30  1.6851524E-03
   7110.40  1.7229303E-03
   7110.50  1.7642765E-03
   7110.60  1.8098425E-03
   7110.70  1.8604346E-03
   7110.80  1.9170537E-03
   7110.90  1.9809431E-03
   7111.00  2.0536423E-03
   7111.10  2.1370385E-03
   7111.20  2.2333950E-03
   7111.30  2.3453147E-03
   7111.40  2.4755508E-03
   7111.50  2.6265222E-03
   7111.60  2.7993552E-03
   7111.70  2.9923691E-03
   7111.80  3.1993749E-03
   7111.90  3.4089434E-03
   7112.00  3.6061067E-03
   7112.10  3.7763165E-03
   7112.20  3.9087726E-03
   7112.30  3.9971819E-03
   7112.40  4.0386491E-03
   7112.50  4.0334646E-03
   7112.60  3.9861289E-03
   7112.70  3.9056688E-03
   7112.80  3.8039296E-03
   7112.90  3.6926853E-03
   7113.00  3.5813730E-03
   7113.10  3.4763846E-03
   7113.20  3.3815338E-03
   7113.30  3.2988546E-03
   7113.40  3.2292222E-03
   7113.50  3.1727422E-03
   7113.60  3.1290141E-03
   7113.70  3.0973409E-03
   7113.80  3.0768971E-03
   7113.90  3.0668453E-03
   7114.00  3.0664051E-03
   7114.10  3.0748851E-03
   7114.20  3.0916959E-03
   7114.30  3.1163513E-03
   7114.40  3.1484640E-03
   7114.50  3.1877391E-03
   7114.60  3.2339689E-03
   7114.70  3.2870302E-03
   7114.80  3.3468830E-03
   7114.90  3.4135721E-03
   7115.00  3.4872290E-03
   7115.10  3.5680743E-03
   7115.20  3.6564201E-03
   7115.30  3.7526714E-03
   7115.40  3.8573240E-03
   7115.50  3.9709576E-03
   7115.60  4.0942172E-03
   7115.70  4.2277796E-03
   7115.80  4.3722990E-03
   7115.90  4.5283328E-03
   7116.00  4.6962623E-03
   7116.10  4.8762451E-03
   7116.20  5.0682563E-03
   7116.30  5.2722878E-03
   7116.40  5.4887084E-03
   7116.50  5.7186643E-03
   7116.60  5.9642922E-03
   7116.70  6.2286014E-03
   7116.80  6.5150911E-03
   7116.90  6.8273154E-03
   7117.00  7.1685575E-03
   7117.20  7.9489656E-03
   7117.40  8.8728991E-03
   7117.60  9.9473088E-03
   7117.80  1.1165957E-02
   7118.00  1.2509146E-02
   7118.20  1.3955145E-02
   7118.40  1.5500317E-02
   7118.60  1.7168636E-02
   7118.80  1.8994724E-02
   7119.00  2.0992217E-02
   7119.20  2.3134523E-02
   7119.40  2.5356650E-02
   7119.60  2.7566470E-02
   7119.80  2.9662213E-02
   7120.00  3.1565075E-02
   7120.20  3.3252614E-02
   7120.40  3.4763959E-02
   7120.60  3.6172514E-02
   7120.80  3.7542130E-02
   7121.00  3.8892419E-02
   7121.20  4.0198147E-02
   7121.40  4.1423970E-02
   7121.60  4.2566178E-02
   7121.80  4.3667686E-02
   7122.00  4.4800710E-02
   7122.20  4.6041657E-02
   7122.40  4.7459525E-02
   7122.60  4.9115916E-02
   7122.80  5.1064483E-02
   7123.00  5.3345160E-02
   7123.20  5.5977059E-02
   7123.40  5.8953698E-02
   7123.60  6.2240717E-02
   7123.80  6.5776635E-02
   7124.00  6.9480170E-02
   7124.20  7.3265871E-02
   7124.40  7.7061675E-02
   7124.60  8.0816105E-02
   7124.80  8.4488300E-02
   7125.00  8.8026820E-02
   7125.20  9.1350960E-02
   7125.40  9.4345702E-02
   7125.60  9.6873202E-02
   7125.80  9.8796514E-02
   7126.00  1.0000750E-01
   7126.20  1.0045018E-01
   7126.40  1.0013265E-01
   7126.60  9.9124806E-02
   7126.80  9.7543754E-02
   7127.00  9.5532633E-02
   7127.20  9.3239183E-02
   7127.40  9.0798894E-02
   7127.60  8.8324740E-02
   7127.80  8.5903144E-02
   7128.00  8.3594575E-02
   7128.20  8.1436943E-02
   7128.40  7.9450260E-02
   7128.60  7.7641495E-02
   7128.80  7.6008952E-02
   7129.00  7.4545820E-02
   7129.20  7.3242791E-02
   7129.40  7.2089770E-02
   7129.60  7.1076840E-02
   7129.80  7.0194650E-02
   7130.00  6.9434446E-02
   7130.20  6.8787915E-02
   7130.40  6.8246987E-02
   7130.60  6.7803674E-02
   7130.80  6.7449975E-02
   7131.00  6.7177857E-02
   7131.20  6.6979280E-02
   7131.40  6.6846251E-02
   7131.60  6.6770886E-02
   7131.80  6.6745471E-02
   7132.00  6.6762508E-02
   7133.00  6.7241518E-02
   7134.00  6.7838961E-02
   7135.00  6.8049148E-02
   7136.00  6.7680371E-02
   7137.00  6.6823304E-02
   7138.00  6.5725642E-02
   7139.00  6.4603117E-02
   7140.00  6.3536799E-02
   7141.00  6.2493197E-02
   7142.00  6.1395490E-02
   7143.00  6.0192919E-02
   7144.00  5.8896551E-02
   7145.00  5.7567566E-02
   7146.00  5.6280126E-02
   7147.00  5.5091617E-02
   7148.00  5.4034129E-02
   7149.00  5.3121511E-02
   7150.00  5.2359314E-02
   7151.00  5.1750050E-02
   7152.00  5.1295331E-02
   7153.00  5.0999241E-02
   7154.00  5.0872562E-02
   7155.00  5.0933565E-02
   7156.00  5.1202629E-02
   7157.00  5.1692186E-02
   7158.00  5.2396633E-02
   7159.00  5.3287309E-02
   7160.00  5.4315303E-02
   7161.00  5.5421060E-02
   7162.00  5.6546722E-02
   7163.00  5.7645940E-02
   7164.00  5.8687371E-02
   7165.00  5.9652024E-02
   7166.00  6.0528253E-02
   7167.00  6.1308385E-02
   7168.00  6.1988470E-02
   7169.00  6.2570377E-02
   7170.00  6.3064255E-02
   7171.00  6.3488735E-02
   7172.00  6.3867197E-02
   7173.00  6.4221193E-02
   7174.00  6.4564396E-02
   7175.00  6.4900085E-02
   7176.00  6.5222676E-02
   7177.00  6.5521751E-02
   7178.00  6.5786532E-02
   7179.00  6.6009359E-02
   7180.00  6.6187588E-02
   7181.00  6.6323897E-02
   7182.00  6.6425251E-02
   7183.00  6.6501029E-02
   7184.00  6.6560876E-02
   7185.00  6.6612754E-02
   7186.00  6.6661254E-02
   7187.00  6.6706146E-02
   7188.00  6.6741441E-02
   7189.00  6.6755707E-02
   7190.00  6.6734270E-02
   7191.00  6.6663226E-02
   7192.00  6.6534103E-02
   7193.00  6.6347556E-02
   7194.00  6.6114748E-02
   7195.00  6.5856010E-02
   7196.00  6.5597274E-02
   7197.00  6.5365322E-02
   7198.00  6.5182907E-02
   7199.00  6.5064629E-02
   7200.00  6.5014255E-02
   7201.00  6.5024041E-02
   7202.00  6.5076315E-02
   7203.00  6.5147090E-02
   7204.00  6.5210815E-02
   7205.00  6.5245110E-02
   7206.00  6.5234395E-02
   7207.00  6.5171778E-02
   7208.00  6.5059055E-02
   7209.00  6.4905117E-02
   7210.00  6.4723296E-02
   7211.00  6.4528353E-02
   7212.00  6.4333763E-02
