    Energy    <xanes>    
   7072.00  2.6132612E-04
   7072.50  2.6435391E-04
   7073.00  2.6744781E-04
   7073.50  2.7060999E-04
   7074.00  2.7384272E-04
   7074.50  2.7714835E-04
   7075.00  2.8052935E-04
   7075.50  2.8398831E-04
   7076.00  2.8752793E-04
   7076.50  2.9115103E-04
   7077.00  2.9486056E-04
   7077.50  2.9865964E-04
   7078.00  3.0255149E-04
   7078.50  3.0653954E-04
   7079.00  3.1062736E-04
   7079.50  3.1481870E-04
   7080.00  3.1911750E-04
   7080.50  3.2352791E-04
   7081.00  3.2805429E-04
   7081.50  3.3270124E-04
   7082.00  3.3747357E-04
   7082.50  3.4237640E-04
   7083.00  3.4741510E-04
   7083.50  3.5259533E-04
   7084.00  3.5792311E-04
   7084.50  3.6340475E-04
   7085.00  3.6904697E-04
   7085.50  3.7485687E-04
   7086.00  3.8084198E-04
   7086.50  3.8701026E-04
   7087.00  3.9337021E-04
   7087.50  3.9993082E-04
   7088.00  4.0670167E-04
   7088.50  4.1369298E-04
   7089.00  4.2091560E-04
   7089.50  4.2838116E-04
   7090.00  4.3610206E-04
   7090.50  4.4409155E-04
   7091.00  4.5236385E-04
   7091.50  4.6093419E-04
   7092.00  4.6981895E-04
   7092.50  4.7903572E-04
   7093.00  4.8860345E-04
   7093.50  4.9854261E-04
   7094.00  5.0887529E-04
   7094.50  5.1962543E-04
   7095.00  5.3081899E-04
   7095.50  5.4248417E-04
   7096.00  5.5465172E-04
   7096.50  5.6735519E-04
   7097.00  5.8063130E-04
   7097.50  5.9452037E-04
   7098.00  6.0906676E-04
   7098.50  6.2431949E-04
   7099.00  6.4033285E-04
   7099.50  6.5716726E-04
   7100.00  6.7489020E-04
   7100.50  6.9357745E-04
   7101.00  7.1331452E-04
   7101.50  7.3419851E-04
   7102.00  7.5634042E-04
   7102.50  7.7986819E-04
   7103.00  8.0493052E-04
   7103.50  8.3170217E-04
   7104.00  8.6039097E-04
   7104.50  8.9124767E-04
   7105.00  9.2457993E-04
   7105.50  9.6077280E-04
   7106.00  1.0003198E-03
   7106.50  1.0438713E-03
   7107.00  1.0923139E-03
   7107.10  1.1026912E-03
   7107.20  1.1133249E-03
   7107.30  1.1242285E-03
   7107.40  1.1354164E-03
   7107.50  1.1469045E-03
   7107.60  1.1587100E-03
   7107.70  1.1708519E-03
   7107.80  1.1833507E-03
   7107.90  1.1962292E-03
   7108.00  1.2095124E-03
   7108.10  1.2232279E-03
   7108.20  1.2374062E-03
   7108.30  1.2520814E-03
   7108.40  1.2672912E-03
   7108.50  1.2830780E-03
   7108.60  1.2994890E-03
   7108.70  1.3165776E-03
   7108.80  1.3344038E-03
   7108.90  1.3530359E-03
   7109.00  1.3725511E-03
   7109.10  1.3930379E-03
   7109.20  1.4145976E-03
   7109.30  1.4373467E-03
   7109.40  1.4614199E-03
   7109.50  1.4869738E-03
   7109.60  1.5141909E-03
   7109.70  1.5432853E-03
   7109.80  1.5745093E-03
   7109.90  1.6081621E-03
   7110.00  1.6446000E-03
   7110.10  1.6842500E-03
   7110.20  1.7276272E-03
   7110.30  1.7753559E-03
   7110.40  1.8281979E-03
   7110.50  1.8870880E-03
   7110.60  1.9531798E-03
   7110.70  2.0279039E-03
   7110.80  2.1130420E-03
   7110.90  2.2108172E-03
   7111.00  2.3240029E-03
   7111.10  2.4560401E-03
   7111.20  2.6111436E-03
   7111.30  2.7943404E-03
   7111.40  3.0113248E-03
   7111.50  3.2679037E-03
   7111.60  3.5686590E-03
   7111.70  3.9143454E-03
   7111.80  4.2977509E-03
   7111.90  4.6987647E-03
   7112.00  5.0814502E-03
   7112.10  5.3977162E-03
   7112.20  5.6011840E-03
   7112.30  5.6665637E-03
   7112.40  5.6011308E-03
   7112.50  5.4386706E-03
   7112.60  5.2210878E-03
   7112.70  4.9818904E-03
   7112.80  4.7402504E-03
   7112.90  4.5043622E-03
   7113.00  4.2779794E-03
   7113.10  4.0648336E-03
   7113.20  3.8693393E-03
   7113.30  3.6952784E-03
   7113.40  3.5446768E-03
   7113.50  3.4176558E-03
   7113.60  3.3129211E-03
   7113.70  3.2284020E-03
   7113.80  3.1617830E-03
   7113.90  3.1108515E-03
   7114.00  3.0736659E-03
   7114.10  3.0485950E-03
   7114.20  3.0342892E-03
   7114.30  3.0296303E-03
   7114.40  3.0336894E-03
   7114.50  3.0456957E-03
   7114.60  3.0650172E-03
   7114.70  3.0911471E-03
   7114.80  3.1236930E-03
   7114.90  3.1623674E-03
   7115.00  3.2069785E-03
   7115.10  3.2574229E-03
   7115.20  3.3136786E-03
   7115.30  3.3757999E-03
   7115.40  3.4439132E-03
   7115.50  3.5182151E-03
   7115.60  3.5989721E-03
   7115.70  3.6865219E-03
   7115.80  3.7812770E-03
   7115.90  3.8837304E-03
   7116.00  3.9944633E-03
   7116.10  4.1141540E-03
   7116.20  4.2435887E-03
   7116.30  4.3836723E-03
   7116.40  4.5354384E-03
   7116.50  4.7000580E-03
   7116.60  4.8788420E-03
   7116.70  5.0732352E-03
   7116.80  5.2847963E-03
   7116.90  5.5151568E-03
   7117.00  5.7659540E-03
   7117.20  6.3348303E-03
   7117.40  7.0003548E-03
   7117.60  7.7635679E-03
   7117.80  8.6148825E-03
   7118.00  9.5352373E-03
   7118.20  1.0502369E-02
   7118.40  1.1504666E-02
   7118.60  1.2557397E-02
   7118.80  1.3703058E-02
   7119.00  1.4992273E-02
   7119.20  1.6462560E-02
   7119.40  1.8122428E-02
   7119.60  1.9936889E-02
   7119.80  2.1820445E-02
   7120.00  2.3655400E-02
   7120.20  2.5335167E-02
   7120.40  2.6799529E-02
   7120.60  2.8041588E-02
   7120.80  2.9102530E-02
   7121.00  3.0062945E-02
   7121.20  3.1021146E-02
   7121.40  3.2063615E-02
   7121.60  3.3246805E-02
   7121.80  3.4597679E-02
   7122.00  3.6124079E-02
   7122.20  3.7823283E-02
   7122.40  3.9685759E-02
   7122.60  4.1699006E-02
   7122.80  4.3854702E-02
   7123.00  4.6155587E-02
   7123.20  4.8616985E-02
   7123.40  5.1262174E-02
   7123.60  5.4114179E-02
   7123.80  5.7187201E-02
   7124.00  6.0480819E-02
   7124.20  6.3979037E-02
   7124.40  6.7653446E-02
   7124.60  7.1467029E-02
   7124.80  7.5374717E-02
   7125.00  7.9318949E-02
   7125.20  8.3221866E-02
   7125.40  8.6979055E-02
   7125.60  9.0460930E-02
   7125.80  9.3525533E-02
   7126.00  9.6041169E-02
   7126.20  9.7911523E-02
   7126.40  9.9093647E-02
   7126.60  9.9602264E-02
   7126.80  9.9500452E-02
   7127.00  9.8882404E-02
   7127.20  9.7855285E-02
   7127.40  9.6524880E-02
   7127.60  9.4986448E-02
   7127.80  9.3320110E-02
   7128.00  9.1589501E-02
   7128.20  8.9842544E-02
   7128.40  8.8113557E-02
   7128.60  8.6426109E-02
   7128.80  8.4796121E-02
   7129.00  8.3234732E-02
   7129.20  8.1750546E-02
   7129.40  8.0351032E-02
   7129.60  7.9043085E-02
   7129.80  7.7832964E-02
   7130.00  7.6725896E-02
   7130.20  7.5725626E-02
   7130.40  7.4834108E-02
   7130.60  7.4051388E-02
   7130.80  7.3375678E-02
   7131.00  7.2803549E-02
   7131.20  7.2330174E-02
   7131.40  7.1949581E-02
   7131.60  7.1654878E-02
   7131.80  7.1438452E-02
   7132.00  7.1292140E-02
   7133.00  7.1307214E-02
   7134.00  7.1792826E-02
   7135.00  7.1931430E-02
   7136.00  7.1337140E-02
   7137.00  7.0078868E-02
   7138.00  6.8525573E-02
   7139.00  6.7023689E-02
   7140.00  6.5709856E-02
   7141.00  6.4544495E-02
   7142.00  6.3409986E-02
   7143.00  6.2186068E-02
   7144.00  6.0808075E-02
   7145.00  5.9295737E-02
   7146.00  5.7732487E-02
   7147.00  5.6218218E-02
   7148.00  5.4833344E-02
   7149.00  5.3626328E-02
   7150.00  5.2615745E-02
   7151.00  5.1797310E-02
   7152.00  5.1153697E-02
   7153.00  5.0667709E-02
   7154.00  5.0335495E-02
   7155.00  5.0173063E-02
   7156.00  5.0211472E-02
   7157.00  5.0482611E-02
   7158.00  5.1003051E-02
   7159.00  5.1763578E-02
   7160.00  5.2727500E-02
   7161.00  5.3836437E-02
   7162.00  5.5020548E-02
   7163.00  5.6210172E-02
   7164.00  5.7346183E-02
   7165.00  5.8386747E-02
   7166.00  5.9309121E-02
   7167.00  6.0106882E-02
   7168.00  6.0784876E-02
   7169.00  6.1354707E-02
   7170.00  6.1832097E-02
   7171.00  6.2235285E-02
   7172.00  6.2582987E-02
   7173.00  6.2891651E-02
   7174.00  6.3173277E-02
   7175.00  6.3435257E-02
   7176.00  6.3682308E-02
   7177.00  6.3919094E-02
   7178.00  6.4151845E-02
   7179.00  6.4388351E-02
   7180.00  6.4637096E-02
   7181.00  6.4906504E-02
   7182.00  6.5204470E-02
   7183.00  6.5537524E-02
   7184.00  6.5909130E-02
   7185.00  6.6317390E-02
   7186.00  6.6752918E-02
   7187.00  6.7197680E-02
   7188.00  6.7625353E-02
   7189.00  6.8003620E-02
   7190.00  6.8298552E-02
   7191.00  6.8480636E-02
   7192.00  6.8531131E-02
   7193.00  6.8446821E-02
   7194.00  6.8241463E-02
   7195.00  6.7943305E-02
   7196.00  6.7589492E-02
   7197.00  6.7219106E-02
   7198.00  6.6866800E-02
   7199.00  6.6558353E-02
   7200.00  6.6308642E-02
   7201.00  6.6121789E-02
   7202.00  6.5992805E-02
   7203.00  6.5910081E-02
   7204.00  6.5858265E-02
   7205.00  6.5821220E-02
   7206.00  6.5784798E-02
   7207.00  6.5738967E-02
   7208.00  6.5678902E-02
   7209.00  6.5604780E-02
   7210.00  6.5520488E-02
   7211.00  6.5431729E-02
   7212.00  6.5344203E-02
