    Energy    <xanes>    
   7072.00  1.0416909E-03
   7072.50  1.0538229E-03
   7073.00  1.0662191E-03
   7073.50  1.0788883E-03
   7074.00  1.0918393E-03
   7074.50  1.1050817E-03
   7075.00  1.1186251E-03
   7075.50  1.1324798E-03
   7076.00  1.1466564E-03
   7076.50  1.1611662E-03
   7077.00  1.1760208E-03
   7077.50  1.1912326E-03
   7078.00  1.2068142E-03
   7078.50  1.2227793E-03
   7079.00  1.2391418E-03
   7079.50  1.2559165E-03
   7080.00  1.2731191E-03
   7080.50  1.2907657E-03
   7081.00  1.3088736E-03
   7081.50  1.3274607E-03
   7082.00  1.3465461E-03
   7082.50  1.3661497E-03
   7083.00  1.3862926E-03
   7083.50  1.4069968E-03
   7084.00  1.4282860E-03
   7084.50  1.4501847E-03
   7085.00  1.4727191E-03
   7085.50  1.4959168E-03
   7086.00  1.5198071E-03
   7086.50  1.5444208E-03
   7087.00  1.5697909E-03
   7087.50  1.5959520E-03
   7088.00  1.6229412E-03
   7088.50  1.6507977E-03
   7089.00  1.6795634E-03
   7089.50  1.7092825E-03
   7090.00  1.7400027E-03
   7090.50  1.7717744E-03
   7091.00  1.8046516E-03
   7091.50  1.8386921E-03
   7092.00  1.8739576E-03
   7092.50  1.9105145E-03
   7093.00  1.9484337E-03
   7093.50  1.9877917E-03
   7094.00  2.0286705E-03
   7094.50  2.0711586E-03
   7095.00  2.1153515E-03
   7095.50  2.1613524E-03
   7096.00  2.2092727E-03
   7096.50  2.2592337E-03
   7097.00  2.3113666E-03
   7097.50  2.3658144E-03
   7098.00  2.4227331E-03
   7098.50  2.4822930E-03
   7099.00  2.5446805E-03
   7099.50  2.6101005E-03
   7100.00  2.6787782E-03
   7100.50  2.7509624E-03
   7101.00  2.8269285E-03
   7101.50  2.9069826E-03
   7102.00  2.9914661E-03
   7102.50  3.0807615E-03
   7103.00  3.1752994E-03
   7103.50  3.2755676E-03
   7104.00  3.3821222E-03
   7104.50  3.4956025E-03
   7105.00  3.6167508E-03
   7105.50  3.7464395E-03
   7106.00  3.8857101E-03
   7106.50  4.0358315E-03
   7107.00  4.1983912E-03
   7107.10  4.2325660E-03
   7107.20  4.2673376E-03
   7107.30  4.3027266E-03
   7107.40  4.3387549E-03
   7107.50  4.3754459E-03
   7107.60  4.4128246E-03
   7107.70  4.4509180E-03
   7107.80  4.4897551E-03
   7107.90  4.5293675E-03
   7108.00  4.5697890E-03
   7108.10  4.6110567E-03
   7108.20  4.6532110E-03
   7108.30  4.6962962E-03
   7108.40  4.7403610E-03
   7108.50  4.7854590E-03
   7108.60  4.8316498E-03
   7108.70  4.8789997E-03
   7108.80  4.9275830E-03
   7108.90  4.9774828E-03
   7109.00  5.0287933E-03
   7109.10  5.0816214E-03
   7109.20  5.1360890E-03
   7109.30  5.1923358E-03
   7109.40  5.2505235E-03
   7109.50  5.3108393E-03
   7109.60  5.3735023E-03
   7109.70  5.4387696E-03
   7109.80  5.5069456E-03
   7109.90  5.5783929E-03
   7110.00  5.6535457E-03
   7110.10  5.7329286E-03
   7110.20  5.8171787E-03
   7110.30  5.9070753E-03
   7110.40  6.0035779E-03
   7110.50  6.1078742E-03
   7110.60  6.2214419E-03
   7110.70  6.3461253E-03
   7110.80  6.4842280E-03
   7110.90  6.6386174E-03
   7111.00  6.8128264E-03
   7111.10  7.0111123E-03
   7111.20  7.2383839E-03
   7111.30  7.4998142E-03
   7111.40  7.7997972E-03
   7111.50  8.1397187E-03
   7111.60  8.5139715E-03
   7111.70  8.9043406E-03
   7111.80  9.2752321E-03
   7111.90  9.5759303E-03
   7112.00  9.7562843E-03
   7112.10  9.7918129E-03
   7112.20  9.6978915E-03
   7112.30  9.5202876E-03
   7112.40  9.3109591E-03
   7112.50  9.1095565E-03
   7112.60  8.9384750E-03
   7112.70  8.8064541E-03
   7112.80  8.7141110E-03
   7112.90  8.6582339E-03
   7113.00  8.6343339E-03
   7113.10  8.6379170E-03
   7113.20  8.6650093E-03
   7113.30  8.7123042E-03
   7113.40  8.7771405E-03
   7113.50  8.8574197E-03
   7113.60  8.9515112E-03
   7113.70  9.0581665E-03
   7113.80  9.1764464E-03
   7113.90  9.3056640E-03
   7114.00  9.4453397E-03
   7114.10  9.5951677E-03
   7114.20  9.7549891E-03
   7114.30  9.9247705E-03
   7114.40  1.0104586E-02
   7114.50  1.0294603E-02
   7114.60  1.0495076E-02
   7114.70  1.0706336E-02
   7114.80  1.0928792E-02
   7114.90  1.1162925E-02
   7115.00  1.1409289E-02
   7115.10  1.1668517E-02
   7115.20  1.1941321E-02
   7115.30  1.2228498E-02
   7115.40  1.2530940E-02
   7115.50  1.2849642E-02
   7115.60  1.3185706E-02
   7115.70  1.3540362E-02
   7115.80  1.3914976E-02
   7115.90  1.4311076E-02
   7116.00  1.4730371E-02
   7116.10  1.5174782E-02
   7116.20  1.5646467E-02
   7116.30  1.6147860E-02
   7116.40  1.6681708E-02
   7116.50  1.7251116E-02
   7116.60  1.7859584E-02
   7116.70  1.8511054E-02
   7116.80  1.9209940E-02
   7116.90  1.9961156E-02
   7117.00  2.0770142E-02
   7117.20  2.2585881E-02
   7117.40  2.4711410E-02
   7117.60  2.7207932E-02
   7117.80  3.0137300E-02
   7118.00  3.3547464E-02
   7118.20  3.7449267E-02
   7118.40  4.1800428E-02
   7118.60  4.6531882E-02
   7118.80  5.1624777E-02
   7119.00  5.7169029E-02
   7119.20  6.3323890E-02
   7119.40  7.0201550E-02
   7119.60  7.7760866E-02
   7119.80  8.5767141E-02
   7120.00  9.3826457E-02
   7120.20  1.0147172E-01
   7120.40  1.0827168E-01
   7120.60  1.1395435E-01
   7120.80  1.1850655E-01
   7121.00  1.2217390E-01
   7121.20  1.2536341E-01
   7121.40  1.2852891E-01
   7121.60  1.3209064E-01
   7121.80  1.3639832E-01
   7122.00  1.4172406E-01
   7122.20  1.4825755E-01
   7122.40  1.5609119E-01
   7122.60  1.6520845E-01
   7122.80  1.7549231E-01
   7123.00  1.8675828E-01
   7123.20  1.9880420E-01
   7123.40  2.1145963E-01
   7123.60  2.2461570E-01
   7123.80  2.3822242E-01
   7124.00  2.5225376E-01
   7124.20  2.6665253E-01
   7124.40  2.8127347E-01
   7124.60  2.9584500E-01
   7124.80  3.0997053E-01
   7125.00  3.2318379E-01
   7125.20  3.3505143E-01
   7125.40  3.4528595E-01
   7125.60  3.5381667E-01
   7125.80  3.6078579E-01
   7126.00  3.6647763E-01
   7126.20  3.7122062E-01
   7126.40  3.7530244E-01
   7126.60  3.7891888E-01
   7126.80  3.8215595E-01
   7127.00  3.8499598E-01
   7127.20  3.8733834E-01
   7127.40  3.8902957E-01
   7127.60  3.8989911E-01
   7127.80  3.8979618E-01
   7128.00  3.8862169E-01
   7128.20  3.8634923E-01
   7128.40  3.8303141E-01
   7128.60  3.7879164E-01
   7128.80  3.7380546E-01
   7129.00  3.6827700E-01
   7129.20  3.6241620E-01
   7129.40  3.5642044E-01
   7129.60  3.5046206E-01
   7129.80  3.4468177E-01
   7130.00  3.3918667E-01
   7130.20  3.3405161E-01
   7130.40  3.2932258E-01
   7130.60  3.2502111E-01
   7130.80  3.2114897E-01
   7131.00  3.1769257E-01
   7131.20  3.1462701E-01
   7131.40  3.1191940E-01
   7131.60  3.0953166E-01
   7131.80  3.0742275E-01
   7132.00  3.0555050E-01
   7133.00  2.9835207E-01
   7134.00  2.9209081E-01
   7135.00  2.8540977E-01
   7136.00  2.7904205E-01
   7137.00  2.7398236E-01
   7138.00  2.7045121E-01
   7139.00  2.6802389E-01
   7140.00  2.6605914E-01
   7141.00  2.6394289E-01
   7142.00  2.6119310E-01
   7143.00  2.5750549E-01
   7144.00  2.5272670E-01
   7145.00  2.4680913E-01
   7146.00  2.3982920E-01
   7147.00  2.3202742E-01
   7148.00  2.2378082E-01
   7149.00  2.1551834E-01
   7150.00  2.0765241E-01
   7151.00  2.0055772E-01
   7152.00  1.9457296E-01
   7153.00  1.8998672E-01
   7154.00  1.8699628E-01
   7155.00  1.8567181E-01
   7156.00  1.8595945E-01
   7157.00  1.8771735E-01
   7158.00  1.9075506E-01
   7159.00  1.9485800E-01
   7160.00  1.9979929E-01
   7161.00  2.0534778E-01
   7162.00  2.1127629E-01
   7163.00  2.1737034E-01
   7164.00  2.2343710E-01
   7165.00  2.2931276E-01
   7166.00  2.3486580E-01
   7167.00  2.3999546E-01
   7168.00  2.4462839E-01
   7169.00  2.4871719E-01
   7170.00  2.5224167E-01
   7171.00  2.5521014E-01
   7172.00  2.5765758E-01
   7173.00  2.5963989E-01
   7174.00  2.6122644E-01
   7175.00  2.6249316E-01
   7176.00  2.6351644E-01
   7177.00  2.6436643E-01
   7178.00  2.6510070E-01
   7179.00  2.6576051E-01
   7180.00  2.6637218E-01
   7181.00  2.6695355E-01
   7182.00  2.6752350E-01
   7183.00  2.6811085E-01
   7184.00  2.6875835E-01
   7185.00  2.6951886E-01
   7186.00  2.7044368E-01
   7187.00  2.7156697E-01
   7188.00  2.7289227E-01
   7189.00  2.7438649E-01
   7190.00  2.7598403E-01
   7191.00  2.7759961E-01
   7192.00  2.7914488E-01
   7193.00  2.8054249E-01
   7194.00  2.8173317E-01
   7195.00  2.8267550E-01
   7196.00  2.8334127E-01
   7197.00  2.8371030E-01
   7198.00  2.8376691E-01
   7199.00  2.8349890E-01
   7200.00  2.8289930E-01
   7201.00  2.8197028E-01
   7202.00  2.8072747E-01
   7203.00  2.7920217E-01
   7204.00  2.7743998E-01
   7205.00  2.7549641E-01
   7206.00  2.7343129E-01
   7207.00  2.7130402E-01
   7208.00  2.6917060E-01
   7209.00  2.6708215E-01
   7210.00  2.6508413E-01
   7211.00  2.6321518E-01
   7212.00  2.6150493E-01
