    Energy    <xanes>    
   7072.00  2.1282421E-03
   7072.50  2.1518205E-03
   7073.00  2.1758990E-03
   7073.50  2.2004936E-03
   7074.00  2.2256211E-03
   7074.50  2.2512989E-03
   7075.00  2.2775454E-03
   7075.50  2.3043795E-03
   7076.00  2.3318211E-03
   7076.50  2.3598911E-03
   7077.00  2.3886113E-03
   7077.50  2.4180044E-03
   7078.00  2.4480943E-03
   7078.50  2.4789060E-03
   7079.00  2.5104658E-03
   7079.50  2.5428012E-03
   7080.00  2.5759410E-03
   7080.50  2.6099155E-03
   7081.00  2.6447567E-03
   7081.50  2.6804981E-03
   7082.00  2.7171748E-03
   7082.50  2.7548240E-03
   7083.00  2.7934849E-03
   7083.50  2.8331987E-03
   7084.00  2.8740089E-03
   7084.50  2.9159614E-03
   7085.00  2.9591049E-03
   7085.50  3.0034906E-03
   7086.00  3.0491729E-03
   7086.50  3.0962094E-03
   7087.00  3.1446612E-03
   7087.50  3.1945931E-03
   7088.00  3.2460739E-03
   7088.50  3.2991767E-03
   7089.00  3.3539794E-03
   7089.50  3.4105651E-03
   7090.00  3.4690222E-03
   7090.50  3.5294452E-03
   7091.00  3.5919352E-03
   7091.50  3.6566003E-03
   7092.00  3.7235565E-03
   7092.50  3.7929280E-03
   7093.00  3.8648486E-03
   7093.50  3.9394621E-03
   7094.00  4.0169235E-03
   7094.50  4.0974004E-03
   7095.00  4.1810737E-03
   7095.50  4.2681397E-03
   7096.00  4.3588113E-03
   7096.50  4.4533202E-03
   7097.00  4.5519190E-03
   7097.50  4.6548835E-03
   7098.00  4.7625163E-03
   7098.50  4.8751493E-03
   7099.00  4.9931483E-03
   7099.50  5.1169178E-03
   7100.00  5.2469061E-03
   7100.50  5.3836123E-03
   7101.00  5.5275946E-03
   7101.50  5.6794796E-03
   7102.00  5.8399753E-03
   7102.50  6.0098854E-03
   7103.00  6.1901294E-03
   7103.50  6.3817667E-03
   7104.00  6.5860291E-03
   7104.50  6.8043643E-03
   7105.00  7.0384942E-03
   7105.50  7.2904969E-03
   7106.00  7.5629255E-03
   7106.50  7.8589825E-03
   7107.00  8.1827898E-03
   7107.10  8.2513324E-03
   7107.20  8.3212494E-03
   7107.30  8.3925962E-03
   7107.40  8.4654322E-03
   7107.50  8.5398207E-03
   7107.60  8.6158298E-03
   7107.70  8.6935328E-03
   7107.80  8.7730085E-03
   7107.90  8.8543422E-03
   7108.00  8.9376260E-03
   7108.10  9.0229598E-03
   7108.20  9.1104523E-03
   7108.30  9.2002219E-03
   7108.40  9.2923981E-03
   7108.50  9.3871226E-03
   7108.60  9.4845513E-03
   7108.70  9.5848557E-03
   7108.80  9.6882257E-03
   7108.90  9.7948715E-03
   7109.00  9.9050272E-03
   7109.10  1.0018954E-02
   7109.20  1.0136944E-02
   7109.30  1.0259328E-02
   7109.40  1.0386475E-02
   7109.50  1.0518807E-02
   7109.60  1.0656803E-02
   7109.70  1.0801010E-02
   7109.80  1.0952058E-02
   7109.90  1.1110670E-02
   7110.00  1.1277688E-02
   7110.10  1.1454092E-02
   7110.20  1.1641030E-02
   7110.30  1.1839854E-02
   7110.40  1.2052167E-02
   7110.50  1.2279877E-02
   7110.60  1.2525274E-02
   7110.70  1.2791117E-02
   7110.80  1.3080750E-02
   7110.90  1.3398252E-02
   7111.00  1.3748613E-02
   7111.10  1.4137957E-02
   7111.20  1.4573802E-02
   7111.30  1.5065342E-02
   7111.40  1.5623710E-02
   7111.50  1.6262145E-02
   7111.60  1.6995949E-02
   7111.70  1.7842174E-02
   7111.80  1.8819214E-02
   7111.90  1.9946841E-02
   7112.00  2.1247499E-02
   7112.10  2.2747051E-02
   7112.20  2.4467065E-02
   7112.30  2.6410843E-02
   7112.40  2.8534783E-02
   7112.50  3.0710692E-02
   7112.60  3.2699559E-02
   7112.70  3.4177820E-02
   7112.80  3.4848623E-02
   7112.90  3.4594984E-02
   7113.00  3.3551249E-02
   7113.10  3.2023305E-02
   7113.20  3.0336017E-02
   7113.30  2.8727891E-02
   7113.40  2.7328443E-02
   7113.50  2.6183532E-02
   7113.60  2.5289563E-02
   7113.70  2.4619096E-02
   7113.80  2.4135936E-02
   7113.90  2.3803097E-02
   7114.00  2.3587123E-02
   7114.10  2.3460769E-02
   7114.20  2.3404519E-02
   7114.30  2.3406716E-02
   7114.40  2.3462232E-02
   7114.50  2.3570252E-02
   7114.60  2.3732030E-02
   7114.70  2.3949304E-02
   7114.80  2.4223505E-02
   7114.90  2.4555597E-02
   7115.00  2.4946254E-02
   7115.10  2.5396140E-02
   7115.20  2.5906176E-02
   7115.30  2.6477763E-02
   7115.40  2.7112937E-02
   7115.50  2.7814490E-02
   7115.60  2.8586071E-02
   7115.70  2.9432276E-02
   7115.80  3.0358744E-02
   7115.90  3.1372258E-02
   7116.00  3.2480863E-02
   7116.10  3.3693989E-02
   7116.20  3.5022573E-02
   7116.30  3.6479175E-02
   7116.40  3.8078052E-02
   7116.50  3.9835157E-02
   7116.60  4.1768009E-02
   7116.70  4.3895375E-02
   7116.80  4.6236664E-02
   7116.90  4.8811014E-02
   7117.00  5.1636069E-02
   7117.20  5.8093521E-02
   7117.40  6.5678585E-02
   7117.60  7.4412810E-02
   7117.80  8.4326916E-02
   7118.00  9.5450818E-02
   7118.20  1.0762935E-01
   7118.40  1.2028239E-01
   7118.60  1.3236390E-01
   7118.80  1.4264039E-01
   7119.00  1.5017703E-01
   7119.20  1.5478346E-01
   7119.40  1.5710320E-01
   7119.60  1.5822853E-01
   7119.80  1.5916520E-01
   7120.00  1.6053952E-01
   7120.20  1.6263079E-01
   7120.40  1.6554750E-01
   7120.60  1.6935543E-01
   7120.80  1.7411507E-01
   7121.00  1.7988181E-01
   7121.20  1.8670655E-01
   7121.40  1.9463036E-01
   7121.60  2.0365728E-01
   7121.80  2.1371663E-01
   7122.00  2.2464971E-01
   7122.20  2.3624530E-01
   7122.40  2.4831400E-01
   7122.60  2.6076393E-01
   7122.80  2.7363723E-01
   7123.00  2.8708816E-01
   7123.20  3.0131125E-01
   7123.40  3.1644865E-01
   7123.60  3.3251595E-01
   7123.80  3.4938320E-01
   7124.00  3.6682450E-01
   7124.20  3.8461232E-01
   7124.40  4.0260531E-01
   7124.60  4.2078509E-01
   7124.80  4.3923244E-01
   7125.00  4.5806535E-01
   7125.20  4.7736822E-01
   7125.40  4.9713272E-01
   7125.60  5.1722220E-01
   7125.80  5.3736779E-01
   7126.00  5.5719842E-01
   7126.20  5.7629668E-01
   7126.40  5.9426232E-01
   7126.60  6.1076369E-01
   7126.80  6.2556709E-01
   7127.00  6.3854634E-01
   7127.20  6.4968094E-01
   7127.40  6.5904793E-01
   7127.60  6.6680686E-01
   7127.80  6.7317637E-01
   7128.00  6.7840362E-01
   7128.20  6.8273119E-01
   7128.40  6.8636699E-01
   7128.60  6.8946132E-01
   7128.80  6.9209381E-01
   7129.00  6.9427117E-01
   7129.20  6.9593555E-01
   7129.40  6.9698138E-01
   7129.60  6.9727804E-01
   7129.80  6.9669418E-01
   7130.00  6.9511988E-01
   7130.20  6.9248367E-01
   7130.40  6.8876232E-01
   7130.60  6.8398353E-01
   7130.80  6.7822231E-01
   7131.00  6.7159307E-01
   7131.20  6.6423940E-01
   7131.40  6.5632329E-01
   7131.60  6.4801482E-01
   7131.80  6.3948335E-01
   7132.00  6.3089005E-01
   7133.00  5.9146378E-01
   7134.00  5.6402239E-01
   7135.00  5.4918482E-01
   7136.00  5.4382164E-01
   7137.00  5.4439299E-01
   7138.00  5.4725686E-01
   7139.00  5.4935200E-01
   7140.00  5.4908199E-01
   7141.00  5.4621815E-01
   7142.00  5.4117188E-01
   7143.00  5.3450104E-01
   7144.00  5.2669386E-01
   7145.00  5.1804149E-01
   7146.00  5.0862654E-01
   7147.00  4.9841194E-01
   7148.00  4.8731797E-01
   7149.00  4.7526398E-01
   7150.00  4.6222820E-01
   7151.00  4.4834523E-01
   7152.00  4.3400655E-01
   7153.00  4.1988300E-01
   7154.00  4.0681456E-01
   7155.00  3.9562498E-01
   7156.00  3.8696540E-01
   7157.00  3.8122492E-01
   7158.00  3.7849168E-01
   7159.00  3.7855064E-01
   7160.00  3.8092189E-01
   7161.00  3.8495283E-01
   7162.00  3.8996414E-01
   7163.00  3.9541086E-01
   7164.00  4.0099508E-01
   7165.00  4.0668994E-01
   7166.00  4.1268142E-01
   7167.00  4.1926518E-01
   7168.00  4.2673704E-01
   7169.00  4.3530417E-01
   7170.00  4.4502966E-01
   7171.00  4.5581447E-01
   7172.00  4.6741603E-01
   7173.00  4.7949534E-01
   7174.00  4.9167433E-01
   7175.00  5.0358174E-01
   7176.00  5.1487747E-01
   7177.00  5.2526161E-01
   7178.00  5.3448022E-01
   7179.00  5.4233441E-01
   7180.00  5.4868908E-01
   7181.00  5.5347365E-01
   7182.00  5.5667173E-01
   7183.00  5.5830630E-01
   7184.00  5.5843139E-01
   7185.00  5.5713871E-01
   7186.00  5.5457900E-01
   7187.00  5.5098808E-01
   7188.00  5.4670045E-01
   7189.00  5.4213572E-01
   7190.00  5.3775439E-01
   7191.00  5.3399361E-01
   7192.00  5.3120210E-01
   7193.00  5.2959344E-01
   7194.00  5.2922841E-01
   7195.00  5.3002693E-01
   7196.00  5.3180149E-01
   7197.00  5.3430185E-01
   7198.00  5.3726167E-01
   7199.00  5.4044016E-01
   7200.00  5.4365260E-01
   7201.00  5.4678496E-01
   7202.00  5.4979040E-01
   7203.00  5.5267117E-01
   7204.00  5.5545351E-01
   7205.00  5.5816546E-01
   7206.00  5.6082390E-01
   7207.00  5.6343172E-01
   7208.00  5.6598049E-01
   7209.00  5.6845345E-01
   7210.00  5.7082730E-01
   7211.00  5.7307435E-01
   7212.00  5.7516696E-01
