    Energy    <xanes>    
   7072.00  1.0548238E-03
   7072.50  1.0672507E-03
   7073.00  1.0799540E-03
   7073.50  1.0929430E-03
   7074.00  1.1062275E-03
   7074.50  1.1198173E-03
   7075.00  1.1337232E-03
   7075.50  1.1479561E-03
   7076.00  1.1625276E-03
   7076.50  1.1774499E-03
   7077.00  1.1927355E-03
   7077.50  1.2083978E-03
   7078.00  1.2244508E-03
   7078.50  1.2409091E-03
   7079.00  1.2577880E-03
   7079.50  1.2751039E-03
   7080.00  1.2928735E-03
   7080.50  1.3111150E-03
   7081.00  1.3298471E-03
   7081.50  1.3490896E-03
   7082.00  1.3688635E-03
   7082.50  1.3891909E-03
   7083.00  1.4100951E-03
   7083.50  1.4316008E-03
   7084.00  1.4537340E-03
   7084.50  1.4765223E-03
   7085.00  1.4999950E-03
   7085.50  1.5241829E-03
   7086.00  1.5491190E-03
   7086.50  1.5748381E-03
   7087.00  1.6013774E-03
   7087.50  1.6287762E-03
   7088.00  1.6570767E-03
   7088.50  1.6863236E-03
   7089.00  1.7165647E-03
   7089.50  1.7478511E-03
   7090.00  1.7802374E-03
   7090.50  1.8137820E-03
   7091.00  1.8485477E-03
   7091.50  1.8846018E-03
   7092.00  1.9220165E-03
   7092.50  1.9608698E-03
   7093.00  2.0012454E-03
   7093.50  2.0432340E-03
   7094.00  2.0869334E-03
   7094.50  2.1324497E-03
   7095.00  2.1798979E-03
   7095.50  2.2294029E-03
   7096.00  2.2811007E-03
   7096.50  2.3351399E-03
   7097.00  2.3916827E-03
   7097.50  2.4509070E-03
   7098.00  2.5130081E-03
   7098.50  2.5782012E-03
   7099.00  2.6467239E-03
   7099.50  2.7188394E-03
   7100.00  2.7948405E-03
   7100.50  2.8750533E-03
   7101.00  2.9598434E-03
   7101.50  3.0496218E-03
   7102.00  3.1448531E-03
   7102.50  3.2460650E-03
   7103.00  3.3538612E-03
   7103.50  3.4689364E-03
   7104.00  3.5920975E-03
   7104.50  3.7242901E-03
   7105.00  3.8666350E-03
   7105.50  4.0204794E-03
   7106.00  4.1874695E-03
   7106.50  4.3696578E-03
   7107.00  4.5696703E-03
   7107.10  4.6126094E-03
   7107.20  4.6560806E-03
   7107.30  4.7001078E-03
   7107.40  4.7447165E-03
   7107.45  4.7658332E-03
   7107.55  4.8124671E-03
   7107.65  4.8601572E-03
   7107.75  4.9089512E-03
   7107.85  4.9589008E-03
   7107.95  5.0100614E-03
   7108.05  5.0624935E-03
   7108.15  5.1162626E-03
   7108.25  5.1714402E-03
   7108.35  5.2281045E-03
   7108.45  5.2863409E-03
   7108.55  5.3462437E-03
   7108.65  5.4079167E-03
   7108.75  5.4714749E-03
   7108.85  5.5370460E-03
   7108.95  5.6047725E-03
   7109.05  5.6748137E-03
   7109.15  5.7473488E-03
   7109.25  5.8225802E-03
   7109.35  5.9007371E-03
   7109.45  5.9820809E-03
   7109.55  6.0669103E-03
   7109.65  6.1555694E-03
   7109.75  6.2484555E-03
   7109.85  6.3460310E-03
   7109.95  6.4488360E-03
   7110.05  6.5575057E-03
   7110.15  6.6727916E-03
   7110.25  6.7955880E-03
   7110.35  6.9269659E-03
   7110.45  7.0682166E-03
   7110.55  7.2209062E-03
   7110.65  7.3869469E-03
   7110.75  7.5686864E-03
   7110.85  7.7690232E-03
   7110.95  7.9915498E-03
   7111.05  8.2407295E-03
   7111.15  8.5221022E-03
   7111.25  8.8425031E-03
   7111.35  9.2102457E-03
   7111.45  9.6351560E-03
   7111.55  1.0128231E-02
   7111.65  1.0700516E-02
   7111.75  1.1360596E-02
   7111.85  1.2109968E-02
   7111.95  1.2935962E-02
   7112.05  1.3803167E-02
   7112.15  1.4647588E-02
   7112.25  1.5382547E-02
   7112.35  1.5923334E-02
   7112.45  1.6223307E-02
   7112.55  1.6296848E-02
   7112.65  1.6207128E-02
   7112.75  1.6028363E-02
   7112.85  1.5811776E-02
   7112.95  1.5577803E-02
   7113.05  1.5331341E-02
   7113.15  1.5080064E-02
   7113.25  1.4839363E-02
   7113.35  1.4624427E-02
   7113.45  1.4441394E-02
   7113.55  1.4286372E-02
   7113.65  1.4151528E-02
   7113.75  1.4032172E-02
   7113.85  1.3929927E-02
   7113.95  1.3851388E-02
   7114.05  1.3804646E-02
   7114.15  1.3796300E-02
   7114.25  1.3830176E-02
   7114.35  1.3907550E-02
   7114.45  1.4028034E-02
   7114.55  1.4190449E-02
   7114.65  1.4393417E-02
   7114.75  1.4635687E-02
   7114.85  1.4916299E-02
   7114.95  1.5234652E-02
   7115.05  1.5590536E-02
   7115.15  1.5984139E-02
   7115.25  1.6416054E-02
   7115.35  1.6887285E-02
   7115.45  1.7399262E-02
   7115.55  1.7953865E-02
   7115.65  1.8553460E-02
   7115.75  1.9200975E-02
   7115.85  1.9899980E-02
   7115.95  2.0654767E-02
   7116.05  2.1470418E-02
   7116.15  2.2352812E-02
   7116.25  2.3308580E-02
   7116.35  2.4344990E-02
   7116.45  2.5469770E-02
   7116.55  2.6690881E-02
   7116.65  2.8016253E-02
   7116.75  2.9453500E-02
   7116.85  3.1009617E-02
   7116.95  3.2690670E-02
   7117.05  3.4519290E-02
   7117.15  3.6465552E-02
   7117.25  3.8542774E-02
   7117.35  4.0757506E-02
   7117.45  4.3099831E-02
   7117.65  4.8172040E-02
   7117.85  5.3741465E-02
   7118.05  5.9802597E-02
   7118.25  6.6340355E-02
   7118.45  7.3305720E-02
   7118.65  8.0635774E-02
   7118.85  8.8301366E-02
   7119.05  9.6313279E-02
   7119.25  1.0467040E-01
   7119.45  1.1329880E-01
   7119.65  1.2200898E-01
   7119.85  1.3050537E-01
   7120.05  1.3850125E-01
   7120.25  1.4588262E-01
   7120.45  1.5277457E-01
   7120.65  1.5946951E-01
   7120.85  1.6631794E-01
   7121.05  1.7366449E-01
   7121.25  1.8182044E-01
   7121.45  1.9103963E-01
   7121.65  2.0148785E-01
   7121.85  2.1320780E-01
   7122.05  2.2608129E-01
   7122.25  2.3979849E-01
   7122.45  2.5385684E-01
   7122.65  2.6761007E-01
   7122.85  2.8036618E-01
   7123.05  2.9151315E-01
   7123.25  3.0063915E-01
   7123.45  3.0760538E-01
   7123.65  3.1254101E-01
   7123.85  3.1577077E-01
   7124.05  3.1771838E-01
   7124.25  3.1882601E-01
   7124.45  3.1950479E-01
   7124.65  3.2011089E-01
   7124.85  3.2093293E-01
   7125.05  3.2217983E-01
   7125.25  3.2396547E-01
   7125.45  3.2629548E-01
   7125.65  3.2906546E-01
   7125.85  3.3207763E-01
   7126.05  3.3507713E-01
   7126.25  3.3780083E-01
   7126.45  3.4002704E-01
   7126.65  3.4161272E-01
   7126.85  3.4250908E-01
   7127.05  3.4275377E-01
   7127.25  3.4244530E-01
   7127.45  3.4171020E-01
   7127.65  3.4067296E-01
   7127.85  3.3943539E-01
   7128.05  3.3806713E-01
   7128.25  3.3660489E-01
   7128.45  3.3505691E-01
   7128.65  3.3340944E-01
   7128.85  3.3163409E-01
   7129.05  3.2969536E-01
   7129.25  3.2755856E-01
   7129.45  3.2519724E-01
   7129.65  3.2259901E-01
   7129.85  3.1976884E-01
   7130.05  3.1672899E-01
   7130.25  3.1351611E-01
   7130.45  3.1017631E-01
   7130.65  3.0675952E-01
   7130.85  3.0331421E-01
   7131.05  2.9988335E-01
   7131.25  2.9650186E-01
   7131.45  2.9319556E-01
   7131.65  2.8998143E-01
   7131.85  2.8686867E-01
   7132.05  2.8386322E-01
   7132.25  2.8096806E-01
   7132.45  2.7816370E-01
   7133.45  2.6547750E-01
   7134.45  2.5484116E-01
   7135.45  2.4636676E-01
   7136.45  2.4035756E-01
   7137.45  2.3676806E-01
   7138.45  2.3507176E-01
   7139.45  2.3450401E-01
   7140.45  2.3438354E-01
   7141.45  2.3428590E-01
   7142.45  2.3401429E-01
   7143.45  2.3346422E-01
   7144.45  2.3252663E-01
   7145.45  2.3109606E-01
   7146.45  2.2913806E-01
   7147.45  2.2673772E-01
   7148.45  2.2409277E-01
   7149.45  2.2145638E-01
   7150.45  2.1906117E-01
   7151.45  2.1706521E-01
   7152.45  2.1553985E-01
   7153.45  2.1449188E-01
   7154.45  2.1390173E-01
   7155.45  2.1376101E-01
   7156.45  2.1409348E-01
   7157.45  2.1494873E-01
   7158.45  2.1637279E-01
   7159.45  2.1837588E-01
   7160.45  2.2091875E-01
   7161.45  2.2392291E-01
   7162.45  2.2729127E-01
   7163.45  2.3092241E-01
   7164.45  2.3471391E-01
   7165.45  2.3856375E-01
   7166.45  2.4237824E-01
   7167.45  2.4608533E-01
   7168.45  2.4964377E-01
   7169.45  2.5303994E-01
   7170.45  2.5627308E-01
   7171.45  2.5933873E-01
   7172.45  2.6222029E-01
   7173.45  2.6489045E-01
   7174.45  2.6731594E-01
   7175.45  2.6945891E-01
   7176.45  2.7127431E-01
   7177.45  2.7270833E-01
   7178.45  2.7370252E-01
   7179.45  2.7420457E-01
   7180.45  2.7418245E-01
   7181.45  2.7363648E-01
   7182.45  2.7260354E-01
   7183.45  2.7115185E-01
   7184.45  2.6936926E-01
   7185.45  2.6735111E-01
   7186.45  2.6519202E-01
   7187.45  2.6298224E-01
   7188.45  2.6080588E-01
   7189.45  2.5873835E-01
   7190.45  2.5684230E-01
   7191.45  2.5516313E-01
   7192.45  2.5372635E-01
   7193.45  2.5253772E-01
   7194.45  2.5158649E-01
   7195.45  2.5085071E-01
   7196.45  2.5030356E-01
   7197.45  2.4991884E-01
   7198.45  2.4967442E-01
   7199.45  2.4955274E-01
   7200.45  2.4953920E-01
   7201.45  2.4961990E-01
   7202.45  2.4978023E-01
   7203.45  2.5000528E-01
   7204.45  2.5028149E-01
   7205.45  2.5059842E-01
   7206.45  2.5094948E-01
   7207.45  2.5133083E-01
   7208.45  2.5173907E-01
   7209.45  2.5216864E-01
   7210.45  2.5261027E-01
   7211.45  2.5305127E-01
