    Energy    <xanes>    
   7072.00  2.1430976E-03
   7072.50  2.1682346E-03
   7073.00  2.1939320E-03
   7073.50  2.2202089E-03
   7074.00  2.2470847E-03
   7074.50  2.2745800E-03
   7075.00  2.3027164E-03
   7075.50  2.3315164E-03
   7076.00  2.3610035E-03
   7076.50  2.3912024E-03
   7077.00  2.4221390E-03
   7077.50  2.4538406E-03
   7078.00  2.4863354E-03
   7078.50  2.5196536E-03
   7079.00  2.5538264E-03
   7079.50  2.5888870E-03
   7080.00  2.6248701E-03
   7080.50  2.6618122E-03
   7081.00  2.6997521E-03
   7081.50  2.7387301E-03
   7082.00  2.7787893E-03
   7082.50  2.8199747E-03
   7083.00  2.8623342E-03
   7083.50  2.9059183E-03
   7084.00  2.9507804E-03
   7084.50  2.9969769E-03
   7085.00  3.0445678E-03
   7085.50  3.0936167E-03
   7086.00  3.1441910E-03
   7086.50  3.1963622E-03
   7087.00  3.2502066E-03
   7087.50  3.3058052E-03
   7088.00  3.3632444E-03
   7088.50  3.4226162E-03
   7089.00  3.4840190E-03
   7089.50  3.5475579E-03
   7090.00  3.6133451E-03
   7090.50  3.6815013E-03
   7091.00  3.7521554E-03
   7091.50  3.8254461E-03
   7092.00  3.9015226E-03
   7092.50  3.9805454E-03
   7093.00  4.0626875E-03
   7093.50  4.1481358E-03
   7094.00  4.2370924E-03
   7094.50  4.3297762E-03
   7095.00  4.4264248E-03
   7095.50  4.5272963E-03
   7096.00  4.6326719E-03
   7096.50  4.7428583E-03
   7097.00  4.8581910E-03
   7097.50  4.9790374E-03
   7098.00  5.1058012E-03
   7098.50  5.2389267E-03
   7099.00  5.3789045E-03
   7099.50  5.5262774E-03
   7100.00  5.6816483E-03
   7100.50  5.8456886E-03
   7101.00  6.0191486E-03
   7101.50  6.2028702E-03
   7102.00  6.3978020E-03
   7102.50  6.6050173E-03
   7103.00  6.8257373E-03
   7103.50  7.0613589E-03
   7104.00  7.3134907E-03
   7104.50  7.5839989E-03
   7105.00  7.8750676E-03
   7105.50  8.1892794E-03
   7106.00  8.5297276E-03
   7106.50  8.9001754E-03
   7107.00  9.3052945E-03
   7107.10  9.3909744E-03
   7107.20  9.4783286E-03
   7107.30  9.5674156E-03
   7107.40  9.6582972E-03
   7107.50  9.7510392E-03
   7107.60  9.8457114E-03
   7107.70  9.9423884E-03
   7107.80  1.0041150E-02
   7107.90  1.0142081E-02
   7108.00  1.0245274E-02
   7108.10  1.0350826E-02
   7108.20  1.0458845E-02
   7108.30  1.0569446E-02
   7108.40  1.0682754E-02
   7108.50  1.0798906E-02
   7108.60  1.0918051E-02
   7108.70  1.1040355E-02
   7108.80  1.1165998E-02
   7108.90  1.1295183E-02
   7109.00  1.1428134E-02
   7109.10  1.1565103E-02
   7109.20  1.1706373E-02
   7109.30  1.1852265E-02
   7109.40  1.2003146E-02
   7109.50  1.2159434E-02
   7109.60  1.2321614E-02
   7109.70  1.2490250E-02
   7109.80  1.2666001E-02
   7109.90  1.2849645E-02
   7110.00  1.3042108E-02
   7110.10  1.3244496E-02
   7110.20  1.3458146E-02
   7110.30  1.3684681E-02
   7110.40  1.3926090E-02
   7110.50  1.4184820E-02
   7110.60  1.4463897E-02
   7110.70  1.4767073E-02
   7110.80  1.5098989E-02
   7110.90  1.5465340E-02
   7111.00  1.5872979E-02
   7111.10  1.6329838E-02
   7111.20  1.6844385E-02
   7111.30  1.7424118E-02
   7111.40  1.8072308E-02
   7111.50  1.8782083E-02
   7111.60  1.9527942E-02
   7111.70  2.0258194E-02
   7111.80  2.0897454E-02
   7111.90  2.1369358E-02
   7112.00  2.1635248E-02
   7112.10  2.1716327E-02
   7112.20  2.1681239E-02
   7112.30  2.1610074E-02
   7112.40  2.1565368E-02
   7112.50  2.1583453E-02
   7112.60  2.1679113E-02
   7112.70  2.1853405E-02
   7112.80  2.2099661E-02
   7112.90  2.2406934E-02
   7113.00  2.2761901E-02
   7113.10  2.3150488E-02
   7113.20  2.3560042E-02
   7113.30  2.3981977E-02
   7113.40  2.4413892E-02
   7113.50  2.4859971E-02
   7113.60  2.5329373E-02
   7113.70  2.5833571E-02
   7113.80  2.6383972E-02
   7113.90  2.6990632E-02
   7114.00  2.7662034E-02
   7114.10  2.8405530E-02
   7114.20  2.9228008E-02
   7114.30  3.0136557E-02
   7114.40  3.1139021E-02
   7114.50  3.2244447E-02
   7114.60  3.3463432E-02
   7114.70  3.4808386E-02
   7114.80  3.6293666E-02
   7114.90  3.7935574E-02
   7115.00  3.9752118E-02
   7115.10  4.1762387E-02
   7115.20  4.3985351E-02
   7115.30  4.6437813E-02
   7115.40  4.9131355E-02
   7115.50  5.2068307E-02
   7115.60  5.5237451E-02
   7115.70  5.8611082E-02
   7115.80  6.2146115E-02
   7115.90  6.5791877E-02
   7116.00  6.9505131E-02
   7116.10  7.3268558E-02
   7116.20  7.7105270E-02
   7116.30  8.1082447E-02
   7116.40  8.5302373E-02
   7116.50  8.9884872E-02
   7116.60  9.4947130E-02
   7116.70  1.0058484E-01
   7116.80  1.0685570E-01
   7116.90  1.1376488E-01
   7117.00  1.2125333E-01
   7117.20  1.3738415E-01
   7117.40  1.5352138E-01
   7117.60  1.6759517E-01
   7117.80  1.7807892E-01
   7118.00  1.8458199E-01
   7118.20  1.8791618E-01
   7118.40  1.8958347E-01
   7118.60  1.9102586E-01
   7118.80  1.9315531E-01
   7119.00  1.9634837E-01
   7119.20  2.0072888E-01
   7119.40  2.0646555E-01
   7119.60  2.1389797E-01
   7119.80  2.2346117E-01
   7120.00  2.3551054E-01
   7120.20  2.5015925E-01
   7120.40  2.6716917E-01
   7120.60  2.8590206E-01
   7120.80  3.0536838E-01
   7121.00  3.2443396E-01
   7121.20  3.4218037E-01
   7121.40  3.5827537E-01
   7121.60  3.7312919E-01
   7121.80  3.8771976E-01
   7122.00  4.0320989E-01
   7122.20  4.2061398E-01
   7122.40  4.4065853E-01
   7122.60  4.6376917E-01
   7122.80  4.9003995E-01
   7123.00  5.1913400E-01
   7123.20  5.5019512E-01
   7123.40  5.8188953E-01
   7123.60  6.1262232E-01
   7123.80  6.4085575E-01
   7124.00  6.6539300E-01
   7124.20  6.8552610E-01
   7124.40  7.0103614E-01
   7124.60  7.1209596E-01
   7124.80  7.1913478E-01
   7125.00  7.2271130E-01
   7125.20  7.2343011E-01
   7125.40  7.2191437E-01
   7125.60  7.1881317E-01
   7125.80  7.1480096E-01
   7126.00  7.1053853E-01
   7126.20  7.0659976E-01
   7126.40  7.0339503E-01
   7126.60  7.0112301E-01
   7126.80  6.9976423E-01
   7127.00  6.9911036E-01
   7127.20  6.9881421E-01
   7127.40  6.9844749E-01
   7127.60  6.9755990E-01
   7127.80  6.9573654E-01
   7128.00  6.9265018E-01
   7128.20  6.8810163E-01
   7128.40  6.8204032E-01
   7128.60  6.7456016E-01
   7128.80  6.6587235E-01
   7129.00  6.5626334E-01
   7129.20  6.4604934E-01
   7129.40  6.3553720E-01
   7129.60  6.2499752E-01
   7129.80  6.1465067E-01
   7130.00  6.0466358E-01
   7130.20  5.9515347E-01
   7130.40  5.8619516E-01
   7130.60  5.7782961E-01
   7130.80  5.7007211E-01
   7131.00  5.6291956E-01
   7131.20  5.5635672E-01
   7131.40  5.5036123E-01
   7131.60  5.4490742E-01
   7131.80  5.3996901E-01
   7132.00  5.3552062E-01
   7133.00  5.1980561E-01
   7134.00  5.1265254E-01
   7135.00  5.1044624E-01
   7136.00  5.0999418E-01
   7137.00  5.0924637E-01
   7138.00  5.0714681E-01
   7139.00  5.0339924E-01
   7140.00  4.9823246E-01
   7141.00  4.9199422E-01
   7142.00  4.8473125E-01
   7143.00  4.7616951E-01
   7144.00  4.6616375E-01
   7145.00  4.5507546E-01
   7146.00  4.4365828E-01
   7147.00  4.3266356E-01
   7148.00  4.2256583E-01
   7149.00  4.1353320E-01
   7150.00  4.0556066E-01
   7151.00  3.9867010E-01
   7152.00  3.9308671E-01
   7153.00  3.8927558E-01
   7154.00  3.8778416E-01
   7155.00  3.8898066E-01
   7156.00  3.9283434E-01
   7157.00  3.9882757E-01
   7158.00  4.0603898E-01
   7159.00  4.1339886E-01
   7160.00  4.2003556E-01
   7161.00  4.2554949E-01
   7162.00  4.3007858E-01
   7163.00  4.3415730E-01
   7164.00  4.3848641E-01
   7165.00  4.4372949E-01
   7166.00  4.5038218E-01
   7167.00  4.5871073E-01
   7168.00  4.6874630E-01
   7169.00  4.8032267E-01
   7170.00  4.9313735E-01
   7171.00  5.0680530E-01
   7172.00  5.2088179E-01
   7173.00  5.3486078E-01
   7174.00  5.4818094E-01
   7175.00  5.6026481E-01
   7176.00  5.7058460E-01
   7177.00  5.7872675E-01
   7178.00  5.8443469E-01
   7179.00  5.8762568E-01
   7180.00  5.8838185E-01
   7181.00  5.8691495E-01
   7182.00  5.8351673E-01
   7183.00  5.7852113E-01
   7184.00  5.7229866E-01
   7185.00  5.6527360E-01
   7186.00  5.5792934E-01
   7187.00  5.5077160E-01
   7188.00  5.4425202E-01
   7189.00  5.3868411E-01
   7190.00  5.3418786E-01
   7191.00  5.3068121E-01
   7192.00  5.2791618E-01
   7193.00  5.2554744E-01
   7194.00  5.2321753E-01
   7195.00  5.2064161E-01
   7196.00  5.1767119E-01
   7197.00  5.1431888E-01
   7198.00  5.1073842E-01
   7199.00  5.0717127E-01
   7200.00  5.0388303E-01
   7201.00  5.0111231E-01
   7202.00  4.9904361E-01
   7203.00  4.9780155E-01
   7204.00  4.9745473E-01
   7205.00  4.9801744E-01
   7206.00  4.9944508E-01
   7207.00  5.0162853E-01
   7208.00  5.0439729E-01
   7209.00  5.0753821E-01
   7210.00  5.1082773E-01
   7211.00  5.1406696E-01
   7212.00  5.1710742E-01
