    Energy    <xanes>    
   7072.00  2.6800269E-04
   7072.50  2.7129613E-04
   7073.00  2.7466640E-04
   7073.50  2.7811620E-04
   7074.00  2.8164836E-04
   7074.50  2.8526585E-04
   7075.00  2.8897179E-04
   7075.50  2.9276944E-04
   7076.00  2.9666224E-04
   7076.50  3.0065379E-04
   7077.00  3.0474787E-04
   7077.50  3.0894848E-04
   7078.00  3.1325980E-04
   7078.50  3.1768625E-04
   7079.00  3.2223248E-04
   7079.50  3.2690341E-04
   7080.00  3.3170421E-04
   7080.50  3.3664036E-04
   7081.00  3.4171764E-04
   7081.50  3.4694217E-04
   7082.00  3.5232042E-04
   7082.50  3.5785925E-04
   7083.00  3.6356596E-04
   7083.50  3.6944825E-04
   7084.00  3.7551434E-04
   7084.50  3.8177296E-04
   7085.00  3.8823339E-04
   7085.50  3.9490553E-04
   7086.00  4.0179995E-04
   7086.50  4.0892792E-04
   7087.00  4.1630148E-04
   7087.50  4.2393355E-04
   7088.00  4.3183793E-04
   7088.50  4.4002946E-04
   7089.00  4.4852408E-04
   7089.50  4.5733890E-04
   7090.00  4.6649240E-04
   7090.50  4.7600448E-04
   7091.00  4.8589667E-04
   7091.50  4.9619225E-04
   7092.00  5.0691646E-04
   7092.50  5.1809671E-04
   7093.00  5.2976281E-04
   7093.50  5.4194727E-04
   7094.00  5.5468558E-04
   7094.50  5.6801660E-04
   7095.00  5.8198292E-04
   7095.50  5.9663143E-04
   7096.00  6.1201375E-04
   7096.50  6.2818698E-04
   7097.00  6.4521438E-04
   7097.50  6.6316628E-04
   7098.00  6.8212110E-04
   7098.50  7.0216661E-04
   7099.00  7.2340136E-04
   7099.50  7.4593648E-04
   7100.00  7.6989780E-04
   7100.50  7.9542846E-04
   7101.00  8.2269211E-04
   7101.50  8.5187686E-04
   7102.00  8.8320025E-04
   7102.50  9.1691554E-04
   7103.00  9.5331973E-04
   7103.50  9.9276402E-04
   7104.00  1.0356676E-03
   7104.50  1.0825358E-03
   7105.00  1.1339860E-03
   7105.50  1.1907819E-03
   7106.00  1.2538849E-03
   7106.50  1.3245283E-03
   7107.00  1.4043320E-03
   7107.10  1.4215718E-03
   7107.20  1.4392838E-03
   7107.30  1.4574904E-03
   7107.40  1.4762158E-03
   7107.50  1.4954857E-03
   7107.60  1.5153278E-03
   7107.70  1.5357723E-03
   7107.80  1.5568514E-03
   7107.90  1.5786001E-03
   7108.00  1.6010565E-03
   7108.10  1.6242619E-03
   7108.20  1.6482614E-03
   7108.30  1.6731042E-03
   7108.40  1.6988442E-03
   7108.50  1.7255410E-03
   7108.60  1.7532598E-03
   7108.70  1.7820731E-03
   7108.80  1.8120611E-03
   7108.90  1.8433135E-03
   7109.00  1.8759302E-03
   7109.10  1.9100237E-03
   7109.20  1.9457206E-03
   7109.30  1.9831646E-03
   7109.40  2.0225189E-03
   7109.50  2.0639705E-03
   7109.60  2.1077343E-03
   7109.70  2.1540590E-03
   7109.80  2.2032336E-03
   7109.90  2.2555966E-03
   7110.00  2.3115468E-03
   7110.10  2.3715569E-03
   7110.20  2.4361915E-03
   7110.30  2.5061289E-03
   7110.40  2.5821900E-03
   7110.50  2.6653746E-03
   7110.60  2.7569070E-03
   7110.70  2.8582930E-03
   7110.80  2.9713894E-03
   7110.90  3.0984821E-03
   7111.00  3.2423648E-03
   7111.10  3.4063930E-03
   7111.20  3.5944563E-03
   7111.30  3.8107574E-03
   7111.40  4.0592000E-03
   7111.50  4.3421126E-03
   7111.60  4.6580897E-03
   7111.70  4.9991985E-03
   7111.80  5.3488236E-03
   7111.90  5.6823653E-03
   7112.00  5.9721738E-03
   7112.10  6.1951861E-03
   7112.20  6.3410479E-03
   7112.30  6.4166513E-03
   7112.40  6.4445174E-03
   7112.50  6.4550499E-03
   7112.60  6.4771067E-03
   7112.70  6.5320300E-03
   7112.80  6.6324647E-03
   7112.90  6.7840296E-03
   7113.00  6.9876242E-03
   7113.10  7.2413400E-03
   7113.20  7.5419477E-03
   7113.30  7.8862735E-03
   7113.40  8.2725797E-03
   7113.50  8.7016748E-03
   7113.60  9.1773139E-03
   7113.70  9.7057219E-03
   7113.80  1.0294495E-02
   7113.90  1.0951249E-02
   7114.00  1.1682113E-02
   7114.10  1.2489796E-02
   7114.20  1.3370937E-02
   7114.30  1.4312844E-02
   7114.40  1.5290533E-02
   7114.50  1.6265726E-02
   7114.60  1.7189814E-02
   7114.70  1.8011765E-02
   7114.80  1.8689484E-02
   7114.90  1.9200372E-02
   7115.00  1.9546411E-02
   7115.10  1.9751884E-02
   7115.20  1.9855632E-02
   7115.30  1.9901720E-02
   7115.40  1.9931724E-02
   7115.50  1.9980044E-02
   7115.60  2.0072164E-02
   7115.70  2.0225061E-02
   7115.80  2.0448763E-02
   7115.90  2.0748180E-02
   7116.00  2.1124694E-02
   7116.10  2.1577313E-02
   7116.20  2.2103474E-02
   7116.30  2.2699668E-02
   7116.40  2.3362053E-02
   7116.50  2.4087119E-02
   7116.60  2.4872329E-02
   7116.70  2.5716525E-02
   7116.80  2.6619779E-02
   7116.90  2.7582424E-02
   7117.00  2.8603192E-02
   7117.20  3.0790816E-02
   7117.40  3.3050544E-02
   7117.60  3.5137857E-02
   7117.80  3.6817517E-02
   7118.00  3.8039644E-02
   7118.20  3.8972287E-02
   7118.40  3.9864570E-02
   7118.60  4.0912673E-02
   7118.80  4.2219042E-02
   7119.00  4.3802552E-02
   7119.20  4.5613739E-02
   7119.40  4.7550271E-02
   7119.60  4.9482093E-02
   7119.80  5.1286812E-02
   7120.00  5.2884599E-02
   7120.20  5.4256301E-02
   7120.40  5.5432810E-02
   7120.60  5.6463174E-02
   7120.80  5.7387653E-02
   7121.00  5.8232694E-02
   7121.20  5.9018796E-02
   7121.40  5.9765217E-02
   7121.60  6.0488519E-02
   7121.80  6.1200533E-02
   7122.00  6.1909013E-02
   7122.20  6.2620108E-02
   7122.40  6.3340934E-02
   7122.60  6.4081236E-02
   7122.80  6.4853404E-02
   7123.00  6.5670163E-02
   7123.20  6.6540014E-02
   7123.40  6.7462037E-02
   7123.60  6.8422693E-02
   7123.80  6.9396581E-02
   7124.00  7.0351019E-02
   7124.20  7.1252282E-02
   7124.40  7.2070861E-02
   7124.60  7.2784444E-02
   7124.80  7.3378938E-02
   7125.00  7.3848638E-02
   7125.20  7.4196057E-02
   7125.40  7.4431200E-02
   7125.60  7.4569683E-02
   7125.80  7.4629632E-02
   7126.00  7.4627963E-02
   7126.20  7.4577150E-02
   7126.40  7.4483433E-02
   7126.60  7.4346861E-02
   7126.80  7.4162907E-02
   7127.00  7.3924926E-02
   7127.20  7.3626647E-02
   7127.40  7.3264105E-02
   7127.60  7.2836782E-02
   7127.80  7.2347976E-02
   7128.00  7.1804580E-02
   7128.20  7.1216443E-02
   7128.40  7.0595462E-02
   7128.60  6.9954543E-02
   7128.80  6.9306559E-02
   7129.00  6.8663431E-02
   7129.20  6.8035433E-02
   7129.40  6.7430760E-02
   7129.60  6.6855382E-02
   7129.80  6.6313130E-02
   7130.00  6.5805963E-02
   7130.20  6.5334336E-02
   7130.40  6.4897614E-02
   7130.60  6.4494459E-02
   7130.80  6.4123174E-02
   7131.00  6.3781980E-02
   7131.20  6.3469213E-02
   7131.40  6.3183461E-02
   7131.60  6.2923627E-02
   7131.80  6.2688959E-02
   7132.00  6.2479023E-02
   7133.00  6.1799309E-02
   7134.00  6.1725998E-02
   7135.00  6.2112288E-02
   7136.00  6.2620885E-02
   7137.00  6.2889021E-02
   7138.00  6.2707023E-02
   7139.00  6.2043500E-02
   7140.00  6.0969795E-02
   7141.00  5.9593986E-02
   7142.00  5.8040094E-02
   7143.00  5.6454390E-02
   7144.00  5.4997482E-02
   7145.00  5.3808299E-02
   7146.00  5.2968567E-02
   7147.00  5.2493569E-02
   7148.00  5.2346435E-02
   7149.00  5.2459981E-02
   7150.00  5.2755294E-02
   7151.00  5.3154565E-02
   7152.00  5.3589115E-02
   7153.00  5.4004145E-02
   7154.00  5.4362299E-02
   7155.00  5.4647741E-02
   7156.00  5.4869546E-02
   7157.00  5.5060388E-02
   7158.00  5.5268055E-02
   7159.00  5.5542458E-02
   7160.00  5.5924303E-02
   7161.00  5.6439799E-02
   7162.00  5.7101206E-02
   7163.00  5.7909950E-02
   7164.00  5.8859106E-02
   7165.00  5.9934038E-02
   7166.00  6.1111820E-02
   7167.00  6.2360798E-02
   7168.00  6.3641320E-02
   7169.00  6.4907847E-02
   7170.00  6.6111933E-02
   7171.00  6.7205131E-02
   7172.00  6.8141245E-02
   7173.00  6.8878471E-02
   7174.00  6.9382970E-02
   7175.00  6.9634865E-02
   7176.00  6.9634999E-02
   7177.00  6.9408033E-02
   7178.00  6.8998333E-02
   7179.00  6.8459873E-02
   7180.00  6.7845501E-02
   7181.00  6.7200130E-02
   7182.00  6.6558549E-02
   7183.00  6.5945895E-02
   7184.00  6.5378952E-02
   7185.00  6.4867552E-02
   7186.00  6.4415971E-02
   7187.00  6.4024120E-02
   7188.00  6.3688392E-02
   7189.00  6.3402242E-02
   7190.00  6.3156827E-02
   7191.00  6.2941828E-02
   7192.00  6.2746400E-02
   7193.00  6.2560139E-02
   7194.00  6.2374173E-02
   7195.00  6.2182522E-02
   7196.00  6.1983517E-02
   7197.00  6.1780663E-02
   7198.00  6.1582236E-02
   7199.00  6.1399398E-02
   7200.00  6.1243332E-02
   7201.00  6.1122381E-02
   7202.00  6.1040170E-02
   7203.00  6.0995223E-02
   7204.00  6.0982026E-02
   7205.00  6.0992978E-02
   7206.00  6.1020457E-02
   7207.00  6.1058314E-02
   7208.00  6.1102421E-02
   7209.00  6.1150343E-02
   7210.00  6.1200531E-02
   7211.00  6.1251581E-02
   7212.00  6.1301911E-02
