    Energy    <xanes>    
  16348.00  3.7427115E-04
  16348.50  3.7975704E-04
  16349.00  3.8539302E-04
  16349.50  3.9118513E-04
  16350.00  3.9713976E-04
  16350.50  4.0326360E-04
  16351.00  4.0956376E-04
  16351.50  4.1604769E-04
  16352.00  4.2272329E-04
  16352.50  4.2959890E-04
  16353.00  4.3668332E-04
  16353.50  4.4398588E-04
  16354.00  4.5151645E-04
  16354.50  4.5928548E-04
  16355.00  4.6730406E-04
  16355.50  4.7558396E-04
  16356.00  4.8413766E-04
  16356.50  4.9297844E-04
  16357.00  5.0212042E-04
  16357.50  5.1157864E-04
  16358.00  5.2136910E-04
  16358.50  5.3150888E-04
  16359.00  5.4201620E-04
  16359.50  5.5291054E-04
  16360.00  5.6421271E-04
  16360.50  5.7594500E-04
  16361.00  5.8813128E-04
  16361.50  6.0079714E-04
  16362.00  6.1397008E-04
  16362.50  6.2767963E-04
  16363.00  6.4195758E-04
  16363.50  6.5683815E-04
  16364.00  6.7235827E-04
  16364.50  6.8855777E-04
  16365.00  7.0547974E-04
  16365.50  7.2317079E-04
  16366.00  7.4168143E-04
  16366.50  7.6106647E-04
  16367.00  7.8138544E-04
  16367.50  8.0270311E-04
  16368.00  8.2509004E-04
  16368.50  8.4862319E-04
  16369.00  8.7338666E-04
  16369.50  8.9947242E-04
  16370.00  9.2698126E-04
  16370.50  9.5602376E-04
  16371.00  9.8672144E-04
  16371.50  1.0192080E-03
  16372.00  1.0536309E-03
  16372.50  1.0901529E-03
  16373.00  1.1289537E-03
  16373.50  1.1702326E-03
  16374.00  1.2142104E-03
  16374.50  1.2611322E-03
  16375.00  1.3112704E-03
  16375.50  1.3649284E-03
  16376.00  1.4224439E-03
  16376.50  1.4841934E-03
  16377.00  1.5505970E-03
  16377.50  1.6221232E-03
  16378.00  1.6992945E-03
  16378.50  1.7826930E-03
  16379.00  1.8729664E-03
  16379.50  1.9708330E-03
  16380.00  2.0770870E-03
  16380.50  2.1926011E-03
  16381.00  2.3183267E-03
  16381.50  2.4552905E-03
  16382.00  2.6045831E-03
  16382.50  2.7673387E-03
  16383.00  2.9447013E-03
  16383.10  2.9820250E-03
  16383.20  3.0199858E-03
  16383.30  3.0585919E-03
  16383.40  3.0978512E-03
  16383.50  3.1377715E-03
  16383.60  3.1783601E-03
  16383.70  3.2196239E-03
  16383.80  3.2615697E-03
  16383.90  3.3042037E-03
  16384.00  3.3475315E-03
  16384.10  3.3915584E-03
  16384.20  3.4362890E-03
  16384.30  3.4817273E-03
  16384.40  3.5278768E-03
  16384.50  3.5747399E-03
  16384.60  3.6223187E-03
  16384.70  3.6706140E-03
  16384.80  3.7196260E-03
  16384.90  3.7693539E-03
  16385.00  3.8197958E-03
  16385.10  3.8709488E-03
  16385.20  3.9228086E-03
  16385.30  3.9753701E-03
  16385.40  4.0286266E-03
  16385.50  4.0825702E-03
  16385.60  4.1371914E-03
  16385.70  4.1924793E-03
  16385.80  4.2484217E-03
  16385.90  4.3050044E-03
  16386.00  4.3622116E-03
  16386.10  4.4200260E-03
  16386.20  4.4784282E-03
  16386.30  4.5373971E-03
  16386.40  4.5969097E-03
  16386.50  4.6569409E-03
  16386.60  4.7174637E-03
  16386.70  4.7784491E-03
  16386.80  4.8398659E-03
  16386.90  4.9016808E-03
  16387.00  4.9638585E-03
  16387.10  5.0263616E-03
  16387.20  5.0891502E-03
  16387.30  5.1521828E-03
  16387.40  5.2154153E-03
  16387.50  5.2788019E-03
  16387.60  5.3422945E-03
  16387.70  5.4058432E-03
  16387.80  5.4693959E-03
  16387.90  5.5328989E-03
  16388.00  5.5962966E-03
  16388.10  5.6595209E-03
  16388.20  5.7224990E-03
  16388.30  5.7851659E-03
  16388.40  5.8474557E-03
  16388.50  5.9093011E-03
  16388.60  5.9706343E-03
  16388.70  6.0313864E-03
  16388.80  6.0914887E-03
  16388.90  6.1508720E-03
  16389.00  6.2094675E-03
  16389.10  6.2672066E-03
  16389.20  6.3240219E-03
  16389.30  6.3798466E-03
  16389.40  6.4346158E-03
  16389.50  6.4882658E-03
  16389.60  6.5407353E-03
  16389.70  6.5919653E-03
  16389.80  6.6418995E-03
  16389.90  6.6904843E-03
  16390.00  6.7376698E-03
  16390.10  6.7834094E-03
  16390.20  6.8276603E-03
  16390.30  6.8703839E-03
  16390.40  6.9115458E-03
  16390.50  6.9511159E-03
  16390.60  6.9890690E-03
  16390.70  7.0253843E-03
  16390.80  7.0600462E-03
  16390.90  7.0930437E-03
  16391.00  7.1243706E-03
  16391.10  7.1540258E-03
  16391.20  7.1820129E-03
  16391.30  7.2083401E-03
  16391.40  7.2330205E-03
  16391.50  7.2560713E-03
  16391.60  7.2775141E-03
  16391.70  7.2973743E-03
  16391.80  7.3156815E-03
  16391.90  7.3324683E-03
  16392.00  7.3477708E-03
  16392.10  7.3616280E-03
  16392.20  7.3740816E-03
  16392.30  7.3851753E-03
  16392.40  7.3949551E-03
  16392.50  7.4034686E-03
  16392.60  7.4107645E-03
  16392.70  7.4168929E-03
  16392.80  7.4219043E-03
  16392.90  7.4258500E-03
  16393.00  7.4287813E-03
  16393.20  7.4318049E-03
  16393.40  7.4313797E-03
  16393.60  7.4278986E-03
  16393.80  7.4217366E-03
  16394.00  7.4132474E-03
  16394.20  7.4027594E-03
  16394.40  7.3905741E-03
  16394.60  7.3769648E-03
  16394.80  7.3621765E-03
  16395.00  7.3464261E-03
  16395.20  7.3299035E-03
  16395.40  7.3127730E-03
  16395.60  7.2951747E-03
  16395.80  7.2772267E-03
  16396.00  7.2590266E-03
  16396.20  7.2406539E-03
  16396.40  7.2221717E-03
  16396.60  7.2036289E-03
  16396.80  7.1850618E-03
  16397.00  7.1664964E-03
  16397.20  7.1479496E-03
  16397.40  7.1294313E-03
  16397.60  7.1109456E-03
  16397.80  7.0924925E-03
  16398.00  7.0740691E-03
  16398.20  7.0556707E-03
  16398.40  7.0372919E-03
  16398.60  7.0189276E-03
  16398.80  7.0005734E-03
  16399.00  6.9822265E-03
  16399.20  6.9638859E-03
  16399.40  6.9455527E-03
  16399.60  6.9272303E-03
  16399.80  6.9089242E-03
  16400.00  6.8906420E-03
  16400.20  6.8723931E-03
  16400.40  6.8541885E-03
  16400.60  6.8360403E-03
  16400.80  6.8179614E-03
  16401.00  6.7999650E-03
  16401.20  6.7820647E-03
  16401.40  6.7642734E-03
  16401.60  6.7466038E-03
  16401.80  6.7290676E-03
  16402.00  6.7116755E-03
  16402.20  6.6944373E-03
  16402.40  6.6773615E-03
  16402.60  6.6604555E-03
  16402.80  6.6437257E-03
  16403.00  6.6271773E-03
  16403.20  6.6108147E-03
  16403.40  6.5946413E-03
  16403.60  6.5786602E-03
  16403.80  6.5628737E-03
  16404.00  6.5472837E-03
  16404.20  6.5318922E-03
  16404.40  6.5167007E-03
  16404.60  6.5017109E-03
  16404.80  6.4869245E-03
  16405.00  6.4723435E-03
  16405.20  6.4579698E-03
  16405.40  6.4438058E-03
  16405.60  6.4298541E-03
  16405.80  6.4161172E-03
  16406.00  6.4025982E-03
  16406.20  6.3893003E-03
  16406.40  6.3762265E-03
  16406.60  6.3633803E-03
  16406.80  6.3507650E-03
  16407.00  6.3383839E-03
  16407.20  6.3262403E-03
  16407.40  6.3143373E-03
  16407.60  6.3026779E-03
  16407.80  6.2912648E-03
  16408.00  6.2801006E-03
  16409.00  6.2280821E-03
  16410.00  6.1825076E-03
  16411.00  6.1434065E-03
  16412.00  6.1107259E-03
  16413.00  6.0844027E-03
  16414.00  6.0644016E-03
  16415.00  6.0507105E-03
  16416.00  6.0433030E-03
  16417.00  6.0420846E-03
  16418.00  6.0468403E-03
  16419.00  6.0571988E-03
  16420.00  6.0726218E-03
  16421.00  6.0924271E-03
  16422.00  6.1158384E-03
  16423.00  6.1420554E-03
  16424.00  6.1703282E-03
  16425.00  6.2000212E-03
  16426.00  6.2306545E-03
  16427.00  6.2619168E-03
  16428.00  6.2936490E-03
  16429.00  6.3258039E-03
  16430.00  6.3583921E-03
  16431.00  6.3914263E-03
  16432.00  6.4248739E-03
  16433.00  6.4586282E-03
  16434.00  6.4924976E-03
  16435.00  6.5262133E-03
  16436.00  6.5594475E-03
  16437.00  6.5918370E-03
  16438.00  6.6230050E-03
  16439.00  6.6525802E-03
  16440.00  6.6802114E-03
  16441.00  6.7055789E-03
  16442.00  6.7284032E-03
  16443.00  6.7484526E-03
  16444.00  6.7655487E-03
  16445.00  6.7795690E-03
  16446.00  6.7904486E-03
  16447.00  6.7981789E-03
  16448.00  6.8028052E-03
  16449.00  6.8044245E-03
  16450.00  6.8031825E-03
  16451.00  6.7992724E-03
  16452.00  6.7929332E-03
  16453.00  6.7844461E-03
  16454.00  6.7741290E-03
  16455.00  6.7623263E-03
  16456.00  6.7493959E-03
  16457.00  6.7356929E-03
  16458.00  6.7215540E-03
  16459.00  6.7072834E-03
  16460.00  6.6931447E-03
  16461.00  6.6793577E-03
  16462.00  6.6661018E-03
  16463.00  6.6535236E-03
  16464.00  6.6417462E-03
  16465.00  6.6308785E-03
  16466.00  6.6210221E-03
  16467.00  6.6122751E-03
  16468.00  6.6047327E-03
  16469.00  6.5984860E-03
  16470.00  6.5936188E-03
  16471.00  6.5902031E-03
  16472.00  6.5882939E-03
  16473.00  6.5879231E-03
  16474.00  6.5890940E-03
  16475.00  6.5917752E-03
  16476.00  6.5958974E-03
  16477.00  6.6013518E-03
  16478.00  6.6079921E-03
  16479.00  6.6156388E-03
  16480.00  6.6240880E-03
  16481.00  6.6331209E-03
  16482.00  6.6425159E-03
  16483.00  6.6520604E-03
  16484.00  6.6615616E-03
  16485.00  6.6708561E-03
  16486.00  6.6798150E-03
  16487.00  6.6883464E-03
  16488.00  6.6963936E-03
