    Energy    <xanes>    
   7072.00  2.4764160E-04
   7072.50  2.5054609E-04
   7073.00  2.5362171E-04
   7073.50  2.5676705E-04
   7074.00  2.5998445E-04
   7074.50  2.6327637E-04
   7075.00  2.6664537E-04
   7075.50  2.7009415E-04
   7076.00  2.7362550E-04
   7076.50  2.7724237E-04
   7077.00  2.8094784E-04
   7077.50  2.8474513E-04
   7078.00  2.8863764E-04
   7078.50  2.9262891E-04
   7079.00  2.9672268E-04
   7079.50  3.0092285E-04
   7080.00  3.0523355E-04
   7080.50  3.0965912E-04
   7081.00  3.1420409E-04
   7081.50  3.1887328E-04
   7082.00  3.2367173E-04
   7082.50  3.2860478E-04
   7083.00  3.3367806E-04
   7083.50  3.3889749E-04
   7084.00  3.4426936E-04
   7084.50  3.4980031E-04
   7085.00  3.5549734E-04
   7085.50  3.6136791E-04
   7086.00  3.6741989E-04
   7086.50  3.7366164E-04
   7087.00  3.8010204E-04
   7087.50  3.8675053E-04
   7088.00  3.9361713E-04
   7088.50  4.0071252E-04
   7089.00  4.0804810E-04
   7089.50  4.1563600E-04
   7090.00  4.2348918E-04
   7090.50  4.3162151E-04
   7091.00  4.4004781E-04
   7091.50  4.4878396E-04
   7092.00  4.5784702E-04
   7092.50  4.6725528E-04
   7093.00  4.7702842E-04
   7093.50  4.8718762E-04
   7094.00  4.9775572E-04
   7094.50  5.0875739E-04
   7095.00  5.2021928E-04
   7095.50  5.3217028E-04
   7096.00  5.4464171E-04
   7096.50  5.5766759E-04
   7097.00  5.7128496E-04
   7097.50  5.8553421E-04
   7098.00  6.0045946E-04
   7098.50  6.1610900E-04
   7099.00  6.3253580E-04
   7099.50  6.4979813E-04
   7100.00  6.6796017E-04
   7100.50  6.8709283E-04
   7101.00  7.0727468E-04
   7101.50  7.2859297E-04
   7102.00  7.5114492E-04
   7102.50  7.7503920E-04
   7103.00  8.0039768E-04
   7103.50  8.2735758E-04
   7104.00  8.5607400E-04
   7104.50  8.8672304E-04
   7105.00  9.1950565E-04
   7105.50  9.5465239E-04
   7106.00  9.9242949E-04
   7106.50  1.0331466E-03
   7107.00  1.0771670E-03
   7107.10  1.0864509E-03
   7107.20  1.0959417E-03
   7107.30  1.1055156E-03
   7107.40  1.1151748E-03
   7107.50  1.1249216E-03
   7107.54  1.1284138E-03
   7107.64  1.1385166E-03
   7107.74  1.1487955E-03
   7107.84  1.1592552E-03
   7107.94  1.1699010E-03
   7108.04  1.1807382E-03
   7108.14  1.1917723E-03
   7108.24  1.2030092E-03
   7108.34  1.2144550E-03
   7108.44  1.2261162E-03
   7108.54  1.2379995E-03
   7108.64  1.2501120E-03
   7108.74  1.2624612E-03
   7108.84  1.2750552E-03
   7108.94  1.2879023E-03
   7109.04  1.3010115E-03
   7109.14  1.3143924E-03
   7109.24  1.3280551E-03
   7109.34  1.3420107E-03
   7109.44  1.3562709E-03
   7109.54  1.3708485E-03
   7109.64  1.3857575E-03
   7109.74  1.4010129E-03
   7109.84  1.4166316E-03
   7109.94  1.4326321E-03
   7110.04  1.4490350E-03
   7110.14  1.4658634E-03
   7110.24  1.4831436E-03
   7110.34  1.5009058E-03
   7110.44  1.5191845E-03
   7110.54  1.5380200E-03
   7110.64  1.5574598E-03
   7110.74  1.5775600E-03
   7110.84  1.5983876E-03
   7110.94  1.6200226E-03
   7111.04  1.6425610E-03
   7111.14  1.6661157E-03
   7111.24  1.6908173E-03
   7111.34  1.7168078E-03
   7111.44  1.7442251E-03
   7111.54  1.7731682E-03
   7111.64  1.8036379E-03
   7111.74  1.8354582E-03
   7111.84  1.8682187E-03
   7111.94  1.9013165E-03
   7112.04  1.9341722E-03
   7112.14  1.9664616E-03
   7112.24  1.9981583E-03
   7112.34  2.0294934E-03
   7112.44  2.0607547E-03
   7112.54  2.0921680E-03
   7112.64  2.1239729E-03
   7112.74  2.1563270E-03
   7112.84  2.1894443E-03
   7112.94  2.2235910E-03
   7113.04  2.2590394E-03
   7113.14  2.2960340E-03
   7113.24  2.3347809E-03
   7113.34  2.3754517E-03
   7113.44  2.4181937E-03
   7113.54  2.4631404E-03
   7113.64  2.5104206E-03
   7113.74  2.5601661E-03
   7113.84  2.6125160E-03
   7113.94  2.6676206E-03
   7114.04  2.7256445E-03
   7114.14  2.7867689E-03
   7114.24  2.8511944E-03
   7114.34  2.9191437E-03
   7114.44  2.9908648E-03
   7114.54  3.0666346E-03
   7114.64  3.1467629E-03
   7114.74  3.2315958E-03
   7114.84  3.3215204E-03
   7114.94  3.4169686E-03
   7115.04  3.5184227E-03
   7115.14  3.6264212E-03
   7115.24  3.7415658E-03
   7115.34  3.8645280E-03
   7115.44  3.9960570E-03
   7115.54  4.1369863E-03
   7115.64  4.2882422E-03
   7115.74  4.4508497E-03
   7115.84  4.6259369E-03
   7115.94  4.8147328E-03
   7116.04  5.0185593E-03
   7116.14  5.2388131E-03
   7116.24  5.4769404E-03
   7116.34  5.7344023E-03
   7116.44  6.0126362E-03
   7116.54  6.3130195E-03
   7116.64  6.6368424E-03
   7116.74  6.9852979E-03
   7116.84  7.3594793E-03
   7116.94  7.7603652E-03
   7117.04  8.1915104E-03
   7117.14  8.6501708E-03
   7117.24  9.1329249E-03
   7117.34  9.6476867E-03
   7117.44  1.0184024E-02
   7117.54  1.0750913E-02
   7117.74  1.1950667E-02
   7117.94  1.3247969E-02
   7118.14  1.4660179E-02
   7118.34  1.6207711E-02
   7118.54  1.7891051E-02
   7118.74  1.9679720E-02
   7118.94  2.1520639E-02
   7119.14  2.3349962E-02
   7119.34  2.5100904E-02
   7119.54  2.6720496E-02
   7119.74  2.8196202E-02
   7119.94  2.9569416E-02
   7120.14  3.0921382E-02
   7120.34  3.2345821E-02
   7120.54  3.3926915E-02
   7120.74  3.5726321E-02
   7120.94  3.7776026E-02
   7121.14  4.0075852E-02
   7121.34  4.2596083E-02
   7121.54  4.5285906E-02
   7121.74  4.8086564E-02
   7121.94  5.0942968E-02
   7122.14  5.3805031E-02
   7122.34  5.6618301E-02
   7122.54  5.9315849E-02
   7122.74  6.1823809E-02
   7122.94  6.4080545E-02
   7123.14  6.6058171E-02
   7123.34  6.7774491E-02
   7123.54  6.9290216E-02
   7123.74  7.0693675E-02
   7123.94  7.2079775E-02
   7124.14  7.3530963E-02
   7124.34  7.5105528E-02
   7124.54  7.6834150E-02
   7124.74  7.8722173E-02
   7124.94  8.0754227E-02
   7125.14  8.2898910E-02
   7125.34  8.5112593E-02
   7125.54  8.7342211E-02
   7125.74  8.9527304E-02
   7125.94  9.1601898E-02
   7126.14  9.3497125E-02
   7126.34  9.5145273E-02
   7126.54  9.6485339E-02
   7126.74  9.7469252E-02
   7126.94  9.8067281E-02
   7127.14  9.8271060E-02
   7127.34  9.8093241E-02
   7127.54  9.7563945E-02
   7127.74  9.6725211E-02
   7127.94  9.5625093E-02
   7128.14  9.4312749E-02
   7128.34  9.2835155E-02
   7128.54  9.1235380E-02
   7128.74  8.9551966E-02
   7128.94  8.7818903E-02
   7129.14  8.6065834E-02
   7129.34  8.4318297E-02
   7129.54  8.2597978E-02
   7129.74  8.0922955E-02
   7129.94  7.9307966E-02
   7130.14  7.7764693E-02
   7130.34  7.6302059E-02
   7130.54  7.4926505E-02
   7130.74  7.3642270E-02
   7130.94  7.2451641E-02
   7131.14  7.1355184E-02
   7131.34  7.0351962E-02
   7131.54  6.9439742E-02
   7131.74  6.8615191E-02
   7131.94  6.7874062E-02
   7132.14  6.7243930E-02
   7132.34  6.6684092E-02
   7132.54  6.6166393E-02
   7133.54  6.4314212E-02
   7134.54  6.3332761E-02
   7135.54  6.2824331E-02
   7136.54  6.2648879E-02
   7137.54  6.2704829E-02
   7138.54  6.2795030E-02
   7139.54  6.2651609E-02
   7140.54  6.2029742E-02
   7141.54  6.0810585E-02
   7142.54  5.9054755E-02
   7143.54  5.6962936E-02
   7144.54  5.4777050E-02
   7145.54  5.2694807E-02
   7146.54  5.0837477E-02
   7147.54  4.9263263E-02
   7148.54  4.7997066E-02
   7149.54  4.7053724E-02
   7150.54  4.6448633E-02
   7151.54  4.6199106E-02
   7152.54  4.6319428E-02
   7153.54  4.6811806E-02
   7154.54  4.7657952E-02
   7155.54  4.8816294E-02
   7156.54  5.0225533E-02
   7157.54  5.1811455E-02
   7158.54  5.3494294E-02
   7159.54  5.5196498E-02
   7160.54  5.6851112E-02
   7161.54  5.8408823E-02
   7162.54  5.9840544E-02
   7163.54  6.1134381E-02
   7164.54  6.2289006E-02
   7165.54  6.3306659E-02
   7166.54  6.4188360E-02
   7167.54  6.4932563E-02
   7168.54  6.5537119E-02
   7169.54  6.6002926E-02
   7170.54  6.6336954E-02
   7171.54  6.6552830E-02
   7172.54  6.6668654E-02
   7173.54  6.6703313E-02
   7174.54  6.6673470E-02
   7175.54  6.6592846E-02
   7176.54  6.6473766E-02
   7177.54  6.6329304E-02
   7178.54  6.6174218E-02
   7179.54  6.6024023E-02
   7180.54  6.5892926E-02
   7181.54  6.5791838E-02
   7182.54  6.5727145E-02
   7183.54  6.5700271E-02
   7184.54  6.5707791E-02
   7185.54  6.5741911E-02
   7186.54  6.5791318E-02
   7187.54  6.5842410E-02
   7188.54  6.5880843E-02
   7189.54  6.5893089E-02
   7190.54  6.5867469E-02
   7191.54  6.5794297E-02
   7192.54  6.5665227E-02
   7193.54  6.5472466E-02
   7194.54  6.5208531E-02
   7195.54  6.4866897E-02
   7196.54  6.4443372E-02
   7197.54  6.3937743E-02
   7198.54  6.3355060E-02
   7199.54  6.2705992E-02
   7200.54  6.2005950E-02
   7201.54  6.1273174E-02
   7202.54  6.0526408E-02
   7203.54  5.9782934E-02
   7204.54  5.9057416E-02
   7205.54  5.8361611E-02
   7206.54  5.7704616E-02
   7207.54  5.7093277E-02
   7208.54  5.6532441E-02
   7209.54  5.6024976E-02
   7210.54  5.5571680E-02
   7211.54  5.5171274E-02
