    Energy    <xanes>    
   7072.00  2.5626358E-04
   7072.50  2.5928233E-04
   7073.00  2.6236767E-04
   7073.50  2.6552178E-04
   7074.00  2.6874695E-04
   7074.50  2.7204559E-04
   7075.00  2.7542019E-04
   7075.50  2.7887338E-04
   7076.00  2.8240789E-04
   7076.50  2.8602659E-04
   7077.00  2.8973247E-04
   7077.50  2.9352869E-04
   7078.00  2.9741853E-04
   7078.50  3.0140546E-04
   7079.00  3.0549311E-04
   7079.50  3.0968527E-04
   7080.00  3.1398597E-04
   7080.50  3.1839940E-04
   7081.00  3.2293000E-04
   7081.50  3.2758242E-04
   7082.00  3.3236157E-04
   7082.50  3.3727264E-04
   7083.00  3.4232107E-04
   7083.50  3.4751263E-04
   7084.00  3.5285341E-04
   7084.50  3.5834984E-04
   7085.00  3.6400872E-04
   7085.50  3.6983727E-04
   7086.00  3.7584312E-04
   7086.50  3.8203437E-04
   7087.00  3.8841961E-04
   7087.50  3.9500799E-04
   7088.00  4.0180921E-04
   7088.50  4.0883362E-04
   7089.00  4.1609223E-04
   7089.50  4.2359679E-04
   7090.00  4.3135985E-04
   7090.50  4.3939483E-04
   7091.00  4.4771607E-04
   7091.50  4.5633896E-04
   7092.00  4.6527999E-04
   7092.50  4.7455690E-04
   7093.00  4.8418874E-04
   7093.50  4.9419605E-04
   7094.00  5.0460098E-04
   7094.50  5.1542748E-04
   7095.00  5.2670145E-04
   7095.50  5.3845098E-04
   7096.00  5.5070656E-04
   7096.50  5.6350139E-04
   7097.00  5.7687166E-04
   7097.50  5.9085691E-04
   7098.00  6.0550047E-04
   7098.50  6.2084989E-04
   7099.00  6.3695754E-04
   7099.50  6.5388121E-04
   7100.00  6.7168495E-04
   7100.50  6.9043992E-04
   7101.00  7.1022551E-04
   7101.50  7.3113064E-04
   7102.00  7.5325542E-04
   7102.50  7.7671310E-04
   7103.00  8.0163261E-04
   7103.50  8.2816172E-04
   7104.00  8.5647119E-04
   7104.50  8.8676025E-04
   7105.00  9.1926400E-04
   7105.50  9.5426378E-04
   7106.00  9.9210205E-04
   7106.50  1.0332047E-03
   7107.00  1.0781156E-03
   7107.10  1.0876140E-03
   7107.20  1.0972995E-03
   7107.30  1.1071794E-03
   7107.40  1.1172613E-03
   7107.50  1.1275536E-03
   7107.60  1.1380654E-03
   7107.70  1.1488062E-03
   7107.80  1.1597864E-03
   7107.90  1.1710173E-03
   7108.00  1.1825111E-03
   7108.10  1.1942811E-03
   7108.20  1.2063419E-03
   7108.30  1.2187093E-03
   7108.40  1.2314007E-03
   7108.50  1.2444355E-03
   7108.60  1.2578348E-03
   7108.70  1.2716223E-03
   7108.80  1.2858243E-03
   7108.90  1.3004701E-03
   7109.00  1.3155929E-03
   7109.10  1.3312300E-03
   7109.20  1.3474235E-03
   7109.30  1.3642217E-03
   7109.40  1.3816796E-03
   7109.50  1.3998606E-03
   7109.60  1.4188379E-03
   7109.70  1.4386968E-03
   7109.80  1.4595369E-03
   7109.90  1.4814755E-03
   7110.00  1.5046513E-03
   7110.10  1.5292295E-03
   7110.20  1.5554085E-03
   7110.30  1.5834271E-03
   7110.40  1.6135758E-03
   7110.50  1.6462092E-03
   7110.60  1.6817633E-03
   7110.70  1.7207770E-03
   7110.80  1.7639184E-03
   7110.90  1.8120176E-03
   7111.00  1.8661050E-03
   7111.10  1.9274491E-03
   7111.20  1.9975869E-03
   7111.30  2.0783194E-03
   7111.40  2.1716241E-03
   7111.50  2.2793987E-03
   7111.60  2.4029103E-03
   7111.70  2.5418448E-03
   7111.80  2.6930460E-03
   7111.90  2.8494747E-03
   7112.00  3.0003427E-03
   7112.10  3.1329837E-03
   7112.20  3.2354955E-03
   7112.30  3.2994463E-03
   7112.40  3.3216331E-03
   7112.50  3.3050642E-03
   7112.60  3.2585486E-03
   7112.70  3.1941927E-03
   7112.80  3.1237747E-03
   7112.90  3.0560442E-03
   7113.00  2.9959866E-03
   7113.10  2.9455719E-03
   7113.20  2.9049984E-03
   7113.30  2.8737502E-03
   7113.40  2.8512269E-03
   7113.50  2.8369858E-03
   7113.60  2.8307445E-03
   7113.70  2.8322927E-03
   7113.80  2.8414143E-03
   7113.90  2.8578553E-03
   7114.00  2.8813322E-03
   7114.10  2.9115598E-03
   7114.20  2.9482802E-03
   7114.30  2.9912849E-03
   7114.40  3.0404284E-03
   7114.50  3.0956346E-03
   7114.60  3.1568977E-03
   7114.70  3.2242809E-03
   7114.80  3.2979141E-03
   7114.90  3.3779897E-03
   7115.00  3.4647597E-03
   7115.10  3.5585321E-03
   7115.20  3.6596672E-03
   7115.30  3.7685749E-03
   7115.40  3.8857118E-03
   7115.50  4.0115801E-03
   7115.60  4.1467275E-03
   7115.70  4.2917491E-03
   7115.80  4.4472929E-03
   7115.90  4.6140685E-03
   7116.00  4.7928600E-03
   7116.10  4.9845430E-03
   7116.20  5.1901044E-03
   7116.30  5.4106603E-03
   7116.40  5.6474662E-03
   7116.50  5.9019088E-03
   7116.60  6.1754688E-03
   7116.70  6.4696439E-03
   7116.80  6.7858302E-03
   7116.90  7.1251715E-03
   7117.00  7.4884059E-03
   7117.20  8.2868582E-03
   7117.40  9.1767040E-03
   7117.60  1.0148683E-02
   7117.80  1.1194845E-02
   7118.00  1.2311435E-02
   7118.20  1.3499003E-02
   7118.40  1.4762584E-02
   7118.60  1.6101975E-02
   7118.80  1.7491948E-02
   7119.00  1.8877496E-02
   7119.20  2.0194139E-02
   7119.40  2.1397503E-02
   7119.60  2.2487504E-02
   7119.80  2.3518592E-02
   7120.00  2.4586487E-02
   7120.20  2.5793859E-02
   7120.40  2.7214738E-02
   7120.60  2.8875257E-02
   7120.80  3.0753029E-02
   7121.00  3.2789642E-02
   7121.20  3.4911207E-02
   7121.40  3.7051193E-02
   7121.60  3.9167675E-02
   7121.80  4.1249461E-02
   7122.00  4.3311770E-02
   7122.20  4.5386034E-02
   7122.40  4.7508016E-02
   7122.60  4.9707443E-02
   7122.80  5.2002407E-02
   7123.00  5.4400400E-02
   7123.20  5.6904126E-02
   7123.40  5.9517349E-02
   7123.60  6.2246724E-02
   7123.80  6.5098453E-02
   7124.00  6.8071132E-02
   7124.20  7.1147325E-02
   7124.40  7.4286841E-02
   7124.60  7.7424586E-02
   7124.80  8.0474758E-02
   7125.00  8.3341153E-02
   7125.20  8.5931130E-02
   7125.40  8.8169398E-02
   7125.60  9.0007646E-02
   7125.80  9.1427448E-02
   7126.00  9.2436430E-02
   7126.20  9.3060307E-02
   7126.40  9.3334462E-02
   7126.60  9.3297882E-02
   7126.80  9.2990184E-02
   7127.00  9.2450782E-02
   7127.20  9.1718680E-02
   7127.40  9.0831898E-02
   7127.60  8.9826387E-02
   7127.80  8.8734862E-02
   7128.00  8.7586048E-02
   7128.20  8.6404574E-02
   7128.40  8.5211452E-02
   7128.60  8.4024833E-02
   7128.80  8.2860716E-02
   7129.00  8.1733387E-02
   7129.20  8.0655517E-02
   7129.40  7.9637994E-02
   7129.60  7.8689654E-02
   7129.80  7.7817068E-02
   7130.00  7.7024506E-02
   7130.20  7.6314103E-02
   7130.40  7.5686186E-02
   7130.60  7.5139683E-02
   7130.80  7.4672517E-02
   7131.00  7.4281905E-02
   7131.20  7.3964523E-02
   7131.40  7.3716560E-02
   7131.60  7.3533660E-02
   7131.80  7.3410836E-02
   7132.00  7.3342358E-02
   7133.00  7.3558306E-02
   7134.00  7.3878276E-02
   7135.00  7.3274521E-02
   7136.00  7.1413294E-02
   7137.00  6.8722515E-02
   7138.00  6.5851094E-02
   7139.00  6.3228889E-02
   7140.00  6.1006143E-02
   7141.00  5.9162923E-02
   7142.00  5.7603112E-02
   7143.00  5.6215290E-02
   7144.00  5.4920119E-02
   7145.00  5.3694178E-02
   7146.00  5.2559799E-02
   7147.00  5.1556255E-02
   7148.00  5.0717278E-02
   7149.00  5.0063759E-02
   7150.00  4.9605251E-02
   7151.00  4.9345340E-02
   7152.00  4.9289959E-02
   7153.00  4.9453371E-02
   7154.00  4.9854562E-02
   7155.00  5.0504532E-02
   7156.00  5.1393326E-02
   7157.00  5.2484988E-02
   7158.00  5.3721909E-02
   7159.00  5.5034446E-02
   7160.00  5.6350525E-02
   7161.00  5.7602445E-02
   7162.00  5.8731434E-02
   7163.00  5.9691873E-02
   7164.00  6.0455985E-02
   7165.00  6.1017742E-02
   7166.00  6.1393739E-02
   7167.00  6.1619718E-02
   7168.00  6.1743632E-02
   7169.00  6.1817707E-02
   7170.00  6.1891380E-02
   7171.00  6.2005520E-02
   7172.00  6.2187951E-02
   7173.00  6.2451156E-02
   7174.00  6.2793426E-02
   7175.00  6.3203467E-02
   7176.00  6.3666561E-02
   7177.00  6.4169427E-02
   7178.00  6.4701808E-02
   7179.00  6.5254782E-02
   7180.00  6.5817507E-02
   7181.00  6.6374540E-02
   7182.00  6.6905157E-02
   7183.00  6.7384959E-02
   7184.00  6.7789071E-02
   7185.00  6.8095882E-02
   7186.00  6.8290405E-02
   7187.00  6.8366683E-02
   7188.00  6.8328794E-02
   7189.00  6.8190085E-02
   7190.00  6.7970487E-02
   7191.00  6.7692411E-02
   7192.00  6.7376307E-02
   7193.00  6.7037194E-02
   7194.00  6.6682950E-02
   7195.00  6.6314576E-02
   7196.00  6.5928071E-02
   7197.00  6.5517443E-02
   7198.00  6.5078210E-02
   7199.00  6.4610623E-02
   7200.00  6.4121679E-02
   7201.00  6.3625164E-02
   7202.00  6.3139557E-02
   7203.00  6.2684451E-02
   7204.00  6.2276686E-02
   7205.00  6.1927409E-02
   7206.00  6.1640801E-02
   7207.00  6.1414526E-02
   7208.00  6.1241442E-02
   7209.00  6.1111839E-02
   7210.00  6.1015521E-02
   7211.00  6.0943290E-02
   7212.00  6.0887728E-02
