    Energy    <xanes>    
   7072.00  1.2977833E-04
   7072.50  1.3133458E-04
   7073.00  1.3292571E-04
   7073.50  1.3455287E-04
   7074.00  1.3621729E-04
   7074.50  1.3792024E-04
   7075.00  1.3966305E-04
   7075.50  1.4144712E-04
   7076.00  1.4327391E-04
   7076.50  1.4514495E-04
   7077.00  1.4706183E-04
   7077.50  1.4902623E-04
   7078.00  1.5103992E-04
   7078.50  1.5310475E-04
   7079.00  1.5522264E-04
   7079.50  1.5739564E-04
   7080.00  1.5962591E-04
   7080.50  1.6191568E-04
   7081.00  1.6426733E-04
   7081.50  1.6668337E-04
   7082.00  1.6916643E-04
   7082.50  1.7171928E-04
   7083.00  1.7434488E-04
   7083.50  1.7704630E-04
   7084.00  1.7982684E-04
   7084.50  1.8268995E-04
   7085.00  1.8563930E-04
   7085.50  1.8867879E-04
   7086.00  1.9181253E-04
   7086.50  1.9504490E-04
   7087.00  1.9838054E-04
   7087.50  2.0182440E-04
   7088.00  2.0538173E-04
   7088.50  2.0905813E-04
   7089.00  2.1285957E-04
   7089.50  2.1679242E-04
   7090.00  2.2086349E-04
   7090.50  2.2508006E-04
   7091.00  2.2944993E-04
   7091.50  2.3398145E-04
   7092.00  2.3868358E-04
   7092.50  2.4356598E-04
   7093.00  2.4863901E-04
   7093.50  2.5391384E-04
   7094.00  2.5940253E-04
   7094.50  2.6511810E-04
   7095.00  2.7107465E-04
   7095.50  2.7728746E-04
   7096.00  2.8377311E-04
   7096.50  2.9054963E-04
   7097.00  2.9763667E-04
   7097.50  3.0505568E-04
   7098.00  3.1283009E-04
   7098.50  3.2098561E-04
   7099.00  3.2955044E-04
   7099.50  3.3855565E-04
   7100.00  3.4803548E-04
   7100.50  3.5802785E-04
   7101.00  3.6857476E-04
   7101.50  3.7972296E-04
   7102.00  3.9152458E-04
   7102.50  4.0403797E-04
   7103.00  4.1732866E-04
   7103.50  4.3147049E-04
   7104.00  4.4654704E-04
   7104.50  4.6265329E-04
   7105.00  4.7989772E-04
   7105.50  4.9840484E-04
   7106.00  5.1831844E-04
   7106.50  5.3980561E-04
   7107.00  5.6306203E-04
   7107.10  5.6794525E-04
   7107.20  5.7291039E-04
   7107.30  5.7795956E-04
   7107.40  5.8309497E-04
   7107.50  5.8831889E-04
   7107.60  5.9363368E-04
   7107.70  5.9904182E-04
   7107.80  6.0454584E-04
   7107.90  6.1014840E-04
   7108.00  6.1585227E-04
   7108.10  6.2166033E-04
   7108.20  6.2757558E-04
   7108.30  6.3360115E-04
   7108.40  6.3974031E-04
   7108.50  6.4599647E-04
   7108.60  6.5237322E-04
   7108.70  6.5887429E-04
   7108.80  6.6550363E-04
   7108.90  6.7226536E-04
   7109.00  6.7916383E-04
   7109.10  6.8620362E-04
   7109.20  6.9338956E-04
   7109.30  7.0072678E-04
   7109.40  7.0822072E-04
   7109.50  7.1587714E-04
   7109.60  7.2370223E-04
   7109.70  7.3170258E-04
   7109.80  7.3988530E-04
   7109.90  7.4825805E-04
   7110.00  7.5682915E-04
   7110.10  7.6560767E-04
   7110.20  7.7460358E-04
   7110.30  7.8382788E-04
   7110.40  7.9329283E-04
   7110.50  8.0301219E-04
   7110.60  8.1300155E-04
   7110.70  8.2327871E-04
   7110.80  8.3386420E-04
   7110.90  8.4478185E-04
   7111.00  8.5605949E-04
   7111.10  8.6772962E-04
   7111.20  8.7982994E-04
   7111.30  8.9240329E-04
   7111.40  9.0549601E-04
   7111.50  9.1915353E-04
   7111.60  9.3341083E-04
   7111.70  9.4827659E-04
   7111.80  9.6371368E-04
   7111.90  9.7962671E-04
   7112.00  9.9589349E-04
   7112.10  1.0124864E-03
   7112.20  1.0293313E-03
   7112.30  1.0464102E-03
   7112.40  1.0637723E-03
   7112.50  1.0815061E-03
   7112.60  1.0997146E-03
   7112.70  1.1184991E-03
   7112.80  1.1379531E-03
   7112.90  1.1581613E-03
   7113.00  1.1792009E-03
   7113.10  1.2011443E-03
   7113.20  1.2240614E-03
   7113.30  1.2480221E-03
   7113.40  1.2730975E-03
   7113.50  1.2993616E-03
   7113.60  1.3268925E-03
   7113.70  1.3557725E-03
   7113.80  1.3860895E-03
   7113.90  1.4179373E-03
   7114.00  1.4514169E-03
   7114.10  1.4866379E-03
   7114.20  1.5237201E-03
   7114.30  1.5627949E-03
   7114.40  1.6040072E-03
   7114.50  1.6475163E-03
   7114.60  1.6934984E-03
   7114.70  1.7421484E-03
   7114.80  1.7936827E-03
   7114.90  1.8483421E-03
   7115.00  1.9063953E-03
   7115.10  1.9681430E-03
   7115.20  2.0339226E-03
   7115.30  2.1041135E-03
   7115.40  2.1791438E-03
   7115.50  2.2594970E-03
   7115.60  2.3457207E-03
   7115.70  2.4384353E-03
   7115.80  2.5383444E-03
   7115.90  2.6462439E-03
   7116.00  2.7630326E-03
   7116.10  2.8897191E-03
   7116.20  3.0274259E-03
   7116.30  3.1773854E-03
   7116.40  3.3409240E-03
   7116.50  3.5194290E-03
   7116.60  3.7142910E-03
   7116.70  3.9268183E-03
   7116.80  4.1581166E-03
   7116.90  4.4089391E-03
   7117.00  4.6795196E-03
   7117.20  5.2774786E-03
   7117.40  5.9402904E-03
   7117.60  6.6516255E-03
   7117.80  7.4062305E-03
   7118.00  8.2219379E-03
   7118.20  9.1324695E-03
   7118.40  1.0163649E-02
   7118.60  1.1307687E-02
   7118.80  1.2508287E-02
   7119.00  1.3669271E-02
   7119.20  1.4694068E-02
   7119.40  1.5534728E-02
   7119.60  1.6206178E-02
   7119.80  1.6757306E-02
   7120.00  1.7240509E-02
   7120.20  1.7704773E-02
   7120.40  1.8196701E-02
   7120.60  1.8755431E-02
   7120.80  1.9407001E-02
   7121.00  2.0165507E-02
   7121.20  2.1038846E-02
   7121.40  2.2032397E-02
   7121.60  2.3147856E-02
   7121.80  2.4380281E-02
   7122.00  2.5717551E-02
   7122.20  2.7142422E-02
   7122.40  2.8634431E-02
   7122.60  3.0170387E-02
   7122.80  3.1724446E-02
   7123.00  3.3268448E-02
   7123.20  3.4772474E-02
   7123.40  3.6205962E-02
   7123.60  3.7539959E-02
   7123.80  3.8750732E-02
   7124.00  3.9824273E-02
   7124.20  4.0759957E-02
   7124.40  4.1570807E-02
   7124.60  4.2279520E-02
   7124.80  4.2912246E-02
   7125.00  4.3492992E-02
   7125.20  4.4040094E-02
   7125.40  4.4564574E-02
   7125.60  4.5069696E-02
   7125.80  4.5551371E-02
   7126.00  4.5999451E-02
   7126.20  4.6399908E-02
   7126.40  4.6737614E-02
   7126.60  4.6999130E-02
   7126.80  4.7174855E-02
   7127.00  4.7260185E-02
   7127.20  4.7255641E-02
   7127.40  4.7166208E-02
   7127.60  4.7000179E-02
   7127.80  4.6767758E-02
   7128.00  4.6479574E-02
   7128.20  4.6145271E-02
   7128.40  4.5772407E-02
   7128.60  4.5365836E-02
   7128.80  4.4927719E-02
   7129.00  4.4458102E-02
   7129.20  4.3955882E-02
   7129.40  4.3419920E-02
   7129.60  4.2850038E-02
   7129.80  4.2247753E-02
   7130.00  4.1616634E-02
   7130.20  4.0962274E-02
   7130.40  4.0291929E-02
   7130.60  3.9613914E-02
   7130.80  3.8936904E-02
   7131.00  3.8269243E-02
   7131.20  3.7618394E-02
   7131.40  3.6990565E-02
   7131.60  3.6390543E-02
   7131.80  3.5821698E-02
   7132.00  3.5286114E-02
   7133.00  3.3117615E-02
   7134.00  3.1712051E-02
   7135.00  3.0898890E-02
   7136.00  3.0507735E-02
   7137.00  3.0387051E-02
   7138.00  3.0408114E-02
   7139.00  3.0466011E-02
   7140.00  3.0481689E-02
   7141.00  3.0392064E-02
   7142.00  3.0139914E-02
   7143.00  2.9688449E-02
   7144.00  2.9044176E-02
   7145.00  2.8257715E-02
   7146.00  2.7405486E-02
   7147.00  2.6569849E-02
   7148.00  2.5824451E-02
   7149.00  2.5224077E-02
   7150.00  2.4799168E-02
   7151.00  2.4557294E-02
   7152.00  2.4491027E-02
   7153.00  2.4586631E-02
   7154.00  2.4828185E-02
   7155.00  2.5197134E-02
   7156.00  2.5670981E-02
   7157.00  2.6223243E-02
   7158.00  2.6823819E-02
   7159.00  2.7438813E-02
   7160.00  2.8031556E-02
   7161.00  2.8567504E-02
   7162.00  2.9022412E-02
   7163.00  2.9388968E-02
   7164.00  2.9677255E-02
   7165.00  2.9909117E-02
   7166.00  3.0110612E-02
   7167.00  3.0306506E-02
   7168.00  3.0517796E-02
   7169.00  3.0760912E-02
   7170.00  3.1047020E-02
   7171.00  3.1380892E-02
   7172.00  3.1759944E-02
   7173.00  3.2174338E-02
   7174.00  3.2608562E-02
   7175.00  3.3044153E-02
   7176.00  3.3462859E-02
   7177.00  3.3849434E-02
   7178.00  3.4193376E-02
   7179.00  3.4489080E-02
   7180.00  3.4734387E-02
   7181.00  3.4928208E-02
   7182.00  3.5068394E-02
   7183.00  3.5150994E-02
   7184.00  3.5171315E-02
   7185.00  3.5126212E-02
   7186.00  3.5016265E-02
   7187.00  3.4846610E-02
   7188.00  3.4626028E-02
   7189.00  3.4364948E-02
   7190.00  3.4073504E-02
   7191.00  3.3760521E-02
   7192.00  3.3433537E-02
   7193.00  3.3099323E-02
   7194.00  3.2764336E-02
   7195.00  3.2434860E-02
   7196.00  3.2116933E-02
   7197.00  3.1816206E-02
   7198.00  3.1537770E-02
   7199.00  3.1285884E-02
   7200.00  3.1063603E-02
   7201.00  3.0872442E-02
   7202.00  3.0712225E-02
   7203.00  3.0581121E-02
   7204.00  3.0475817E-02
   7205.00  3.0391799E-02
   7206.00  3.0323823E-02
   7207.00  3.0266597E-02
   7208.00  3.0215541E-02
   7209.00  3.0167401E-02
   7210.00  3.0120494E-02
   7211.00  3.0074531E-02
   7212.00  3.0030119E-02
