    Energy    <xanes>    
   7072.00  1.1422103E-03
   7072.50  1.1558157E-03
   7073.00  1.1697222E-03
   7073.50  1.1839397E-03
   7074.00  1.1984786E-03
   7074.50  1.2133496E-03
   7075.00  1.2285642E-03
   7075.50  1.2441341E-03
   7076.00  1.2600717E-03
   7076.50  1.2763899E-03
   7077.00  1.2931023E-03
   7077.50  1.3102231E-03
   7078.00  1.3277672E-03
   7078.50  1.3457501E-03
   7079.00  1.3641883E-03
   7079.50  1.3830989E-03
   7080.00  1.4024999E-03
   7080.50  1.4224104E-03
   7081.00  1.4428504E-03
   7081.50  1.4638407E-03
   7082.00  1.4854036E-03
   7082.50  1.5075624E-03
   7083.00  1.5303416E-03
   7083.50  1.5537671E-03
   7084.00  1.5778664E-03
   7084.50  1.6026684E-03
   7085.00  1.6282037E-03
   7085.50  1.6545047E-03
   7086.00  1.6816057E-03
   7086.50  1.7095431E-03
   7087.00  1.7383555E-03
   7087.50  1.7680838E-03
   7088.00  1.7987715E-03
   7088.50  1.8304651E-03
   7089.00  1.8632139E-03
   7089.50  1.8970704E-03
   7090.00  1.9320908E-03
   7090.50  1.9683349E-03
   7091.00  2.0058670E-03
   7091.50  2.0447555E-03
   7092.00  2.0850740E-03
   7092.50  2.1269015E-03
   7093.00  2.1703227E-03
   7093.50  2.2154288E-03
   7094.00  2.2623181E-03
   7094.50  2.3110967E-03
   7095.00  2.3618791E-03
   7095.50  2.4147893E-03
   7096.00  2.4699619E-03
   7096.50  2.5275429E-03
   7097.00  2.5876910E-03
   7097.50  2.6505796E-03
   7098.00  2.7163978E-03
   7098.50  2.7853527E-03
   7099.00  2.8576717E-03
   7099.50  2.9336049E-03
   7100.00  3.0134279E-03
   7100.50  3.0974461E-03
   7101.00  3.1859982E-03
   7101.50  3.2794611E-03
   7102.00  3.3782568E-03
   7102.50  3.4828584E-03
   7103.00  3.5938001E-03
   7103.50  3.7116875E-03
   7104.00  3.8372119E-03
   7104.50  3.9711680E-03
   7105.00  4.1144773E-03
   7105.50  4.2682195E-03
   7106.00  4.4336762E-03
   7106.50  4.6123923E-03
   7107.00  4.8062691E-03
   7107.10  4.8470640E-03
   7107.20  4.8885813E-03
   7107.30  4.9308443E-03
   7107.40  4.9738779E-03
   7107.50  5.0177082E-03
   7107.60  5.0623630E-03
   7107.70  5.1078719E-03
   7107.80  5.1542664E-03
   7107.90  5.2015803E-03
   7108.00  5.2498496E-03
   7108.10  5.2991130E-03
   7108.20  5.3494120E-03
   7108.30  5.4007916E-03
   7108.40  5.4533003E-03
   7108.50  5.5069909E-03
   7108.60  5.5619206E-03
   7108.70  5.6181523E-03
   7108.80  5.6757546E-03
   7108.90  5.7348032E-03
   7109.00  5.7953815E-03
   7109.10  5.8575821E-03
   7109.20  5.9215085E-03
   7109.30  5.9872761E-03
   7109.40  6.0550149E-03
   7109.50  6.1248718E-03
   7109.60  6.1970137E-03
   7109.70  6.2716316E-03
   7109.80  6.3489445E-03
   7109.90  6.4292061E-03
   7110.00  6.5127111E-03
   7110.10  6.5998047E-03
   7110.20  6.6908940E-03
   7110.30  6.7864615E-03
   7110.40  6.8870842E-03
   7110.50  6.9934559E-03
   7110.60  7.1064169E-03
   7110.70  7.2269914E-03
   7110.80  7.3564348E-03
   7110.90  7.4962927E-03
   7111.00  7.6484730E-03
   7111.10  7.8153281E-03
   7111.20  7.9997404E-03
   7111.30  8.2051867E-03
   7111.40  8.4357316E-03
   7111.50  8.6958491E-03
   7111.60  8.9899011E-03
   7111.70  9.3210477E-03
   7111.80  9.6894090E-03
   7111.90  1.0089628E-02
   7112.00  1.0508829E-02
   7112.10  1.0926683E-02
   7112.20  1.1317488E-02
   7112.30  1.1658693E-02
   7112.40  1.1939085E-02
   7112.50  1.2160617E-02
   7112.60  1.2333056E-02
   7112.70  1.2468278E-02
   7112.80  1.2578869E-02
   7112.90  1.2678013E-02
   7113.00  1.2777029E-02
   7113.10  1.2881850E-02
   7113.20  1.2991068E-02
   7113.30  1.3096246E-02
   7113.40  1.3184582E-02
   7113.50  1.3243945E-02
   7113.60  1.3268488E-02
   7113.70  1.3261693E-02
   7113.80  1.3235200E-02
   7113.90  1.3204625E-02
   7114.00  1.3184934E-02
   7114.10  1.3187450E-02
   7114.20  1.3219030E-02
   7114.30  1.3282754E-02
   7114.40  1.3379160E-02
   7114.50  1.3507390E-02
   7114.60  1.3666010E-02
   7114.70  1.3853511E-02
   7114.80  1.4068561E-02
   7114.90  1.4310123E-02
   7115.00  1.4577479E-02
   7115.10  1.4870230E-02
   7115.20  1.5188277E-02
   7115.30  1.5531804E-02
   7115.40  1.5901253E-02
   7115.50  1.6297322E-02
   7115.60  1.6720951E-02
   7115.70  1.7173324E-02
   7115.80  1.7655885E-02
   7115.90  1.8170348E-02
   7116.00  1.8718734E-02
   7116.10  1.9303412E-02
   7116.20  1.9927162E-02
   7116.30  2.0593244E-02
   7116.40  2.1305472E-02
   7116.50  2.2068271E-02
   7116.60  2.2886712E-02
   7116.70  2.3766498E-02
   7116.80  2.4713913E-02
   7116.90  2.5735720E-02
   7117.00  2.6839016E-02
   7117.20  2.9318892E-02
   7117.40  3.2207648E-02
   7117.60  3.5542585E-02
   7117.80  3.9323306E-02
   7118.00  4.3501605E-02
   7118.20  4.8024074E-02
   7118.40  5.2922618E-02
   7118.60  5.8338551E-02
   7118.80  6.4432293E-02
   7119.00  7.1301657E-02
   7119.20  7.8988464E-02
   7119.40  8.7525774E-02
   7119.60  9.6957632E-02
   7119.80  1.0730500E-01
   7120.00  1.1848988E-01
   7120.20  1.3025795E-01
   7120.40  1.4215927E-01
   7120.60  1.5362795E-01
   7120.80  1.6413411E-01
   7121.00  1.7331794E-01
   7121.20  1.8104792E-01
   7121.40  1.8743476E-01
   7121.60  1.9282741E-01
   7121.80  1.9776447E-01
   7122.00  2.0287587E-01
   7122.20  2.0876736E-01
   7122.40  2.1591765E-01
   7122.60  2.2461073E-01
   7122.80  2.3491589E-01
   7123.00  2.4670527E-01
   7123.20  2.5968850E-01
   7123.40  2.7345341E-01
   7123.60  2.8751464E-01
   7123.80  3.0137424E-01
   7124.00  3.1458916E-01
   7124.20  3.2682794E-01
   7124.40  3.3789823E-01
   7124.60  3.4773995E-01
   7124.80  3.5639518E-01
   7125.00  3.6397105E-01
   7125.20  3.7060714E-01
   7125.40  3.7645282E-01
   7125.60  3.8165528E-01
   7125.80  3.8635376E-01
   7126.00  3.9067320E-01
   7126.20  3.9471540E-01
   7126.40  3.9855221E-01
   7126.60  4.0222507E-01
   7126.80  4.0574980E-01
   7127.00  4.0912056E-01
   7127.20  4.1230909E-01
   7127.40  4.1526023E-01
   7127.60  4.1788950E-01
   7127.80  4.2008739E-01
   7128.00  4.2173154E-01
   7128.20  4.2270389E-01
   7128.40  4.2290776E-01
   7128.60  4.2228083E-01
   7128.80  4.2080178E-01
   7129.00  4.1849059E-01
   7129.20  4.1540396E-01
   7129.40  4.1162783E-01
   7129.60  4.0726847E-01
   7129.80  4.0244361E-01
   7130.00  3.9727408E-01
   7130.20  3.9187681E-01
   7130.40  3.8635928E-01
   7130.60  3.8081581E-01
   7130.80  3.7532553E-01
   7131.00  3.6995203E-01
   7131.20  3.6474429E-01
   7131.40  3.5973830E-01
   7131.60  3.5495916E-01
   7131.80  3.5042298E-01
   7132.00  3.4613848E-01
   7133.00  3.2839392E-01
   7134.00  3.1540924E-01
   7135.00  3.0481660E-01
   7136.00  2.9555258E-01
   7137.00  2.8792323E-01
   7138.00  2.8236454E-01
   7139.00  2.7876336E-01
   7140.00  2.7646149E-01
   7141.00  2.7444285E-01
   7142.00  2.7157688E-01
   7143.00  2.6701205E-01
   7144.00  2.6055015E-01
   7145.00  2.5267321E-01
   7146.00  2.4422546E-01
   7147.00  2.3605789E-01
   7148.00  2.2884331E-01
   7149.00  2.2303063E-01
   7150.00  2.1884610E-01
   7151.00  2.1631878E-01
   7152.00  2.1533546E-01
   7153.00  2.1571210E-01
   7154.00  2.1725937E-01
   7155.00  2.1982393E-01
   7156.00  2.2329550E-01
   7157.00  2.2758465E-01
   7158.00  2.3259044E-01
   7159.00  2.3817883E-01
   7160.00  2.4418224E-01
   7161.00  2.5041813E-01
   7162.00  2.5671376E-01
   7163.00  2.6292345E-01
   7164.00  2.6893236E-01
   7165.00  2.7464994E-01
   7166.00  2.7999860E-01
   7167.00  2.8490155E-01
   7168.00  2.8927533E-01
   7169.00  2.9303369E-01
   7170.00  2.9610588E-01
   7171.00  2.9846257E-01
   7172.00  3.0013365E-01
   7173.00  3.0120475E-01
   7174.00  3.0179215E-01
   7175.00  3.0201037E-01
   7176.00  3.0195183E-01
   7177.00  3.0168890E-01
   7178.00  3.0129296E-01
   7179.00  3.0085255E-01
   7180.00  3.0047455E-01
   7181.00  3.0026527E-01
   7182.00  3.0030288E-01
   7183.00  3.0061734E-01
   7184.00  3.0118738E-01
   7185.00  3.0195320E-01
   7186.00  3.0283615E-01
   7187.00  3.0375470E-01
   7188.00  3.0463033E-01
   7189.00  3.0538410E-01
   7190.00  3.0593051E-01
   7191.00  3.0617675E-01
   7192.00  3.0603101E-01
   7193.00  3.0541656E-01
   7194.00  3.0428465E-01
   7195.00  3.0262010E-01
   7196.00  3.0043911E-01
   7197.00  2.9778351E-01
   7198.00  2.9471635E-01
   7199.00  2.9132081E-01
   7200.00  2.8770031E-01
   7201.00  2.8397596E-01
   7202.00  2.8027921E-01
   7203.00  2.7674004E-01
   7204.00  2.7347359E-01
   7205.00  2.7056843E-01
   7206.00  2.6807890E-01
   7207.00  2.6602266E-01
   7208.00  2.6438358E-01
   7209.00  2.6311880E-01
   7210.00  2.6216813E-01
   7211.00  2.6146420E-01
   7212.00  2.6094173E-01
