    Energy    <xanes>    
   7072.00  8.1098004E-04
   7072.50  8.2043268E-04
   7073.00  8.3032510E-04
   7073.50  8.4044501E-04
   7074.00  8.5080029E-04
   7074.50  8.6139919E-04
   7075.00  8.7225033E-04
   7075.50  8.8336279E-04
   7076.00  8.9474602E-04
   7076.50  9.0640999E-04
   7077.00  9.1836512E-04
   7077.50  9.3062237E-04
   7078.00  9.4319325E-04
   7078.50  9.5608986E-04
   7079.00  9.6932492E-04
   7079.50  9.8291181E-04
   7080.00  9.9686464E-04
   7080.50  1.0111983E-03
   7081.00  1.0259284E-03
   7081.50  1.0410715E-03
   7082.00  1.0566451E-03
   7082.50  1.0726675E-03
   7083.00  1.0891585E-03
   7083.50  1.1061385E-03
   7084.00  1.1236294E-03
   7084.50  1.1416545E-03
   7085.00  1.1602384E-03
   7085.50  1.1794072E-03
   7086.00  1.1991886E-03
   7086.50  1.2196122E-03
   7087.00  1.2407095E-03
   7087.50  1.2625140E-03
   7088.00  1.2850614E-03
   7088.50  1.3083900E-03
   7089.00  1.3325406E-03
   7089.50  1.3575569E-03
   7090.00  1.3834859E-03
   7090.50  1.4103777E-03
   7091.00  1.4382865E-03
   7091.50  1.4672701E-03
   7092.00  1.4973914E-03
   7092.50  1.5287176E-03
   7093.00  1.5613217E-03
   7093.50  1.5952824E-03
   7094.00  1.6306853E-03
   7094.50  1.6676228E-03
   7095.00  1.7061957E-03
   7095.50  1.7465137E-03
   7096.00  1.7886963E-03
   7096.50  1.8328742E-03
   7097.00  1.8791905E-03
   7097.50  1.9278023E-03
   7098.00  1.9788822E-03
   7098.50  2.0326208E-03
   7099.00  2.0892283E-03
   7099.50  2.1489380E-03
   7100.00  2.2120088E-03
   7100.50  2.2787293E-03
   7101.00  2.3494221E-03
   7101.50  2.4244490E-03
   7102.00  2.5042170E-03
   7102.50  2.5891860E-03
   7103.00  2.6798778E-03
   7103.50  2.7768867E-03
   7104.00  2.8808932E-03
   7104.50  2.9926805E-03
   7105.00  3.1131556E-03
   7105.50  3.2433750E-03
   7106.00  3.3845796E-03
   7106.50  3.5382381E-03
   7107.00  3.7061069E-03
   7107.03  3.7179242E-03
   7107.13  3.7536982E-03
   7107.23  3.7899969E-03
   7107.33  3.8268365E-03
   7107.43  3.8645148E-03
   7107.53  3.9033041E-03
   7107.63  3.9426880E-03
   7107.73  3.9826861E-03
   7107.83  4.0233191E-03
   7107.93  4.0649275E-03
   7108.03  4.1078234E-03
   7108.13  4.1514224E-03
   7108.23  4.1957497E-03
   7108.33  4.2408318E-03
   7108.40  4.2708280E-03
   7108.50  4.3178357E-03
   7108.60  4.3658945E-03
   7108.70  4.4150434E-03
   7108.80  4.4653238E-03
   7108.90  4.5167796E-03
   7109.00  4.5694578E-03
   7109.10  4.6234083E-03
   7109.20  4.6786844E-03
   7109.30  4.7353438E-03
   7109.40  4.7934480E-03
   7109.50  4.8530638E-03
   7109.60  4.9142636E-03
   7109.70  4.9771262E-03
   7109.80  5.0417378E-03
   7109.90  5.1081935E-03
   7110.00  5.1765983E-03
   7110.10  5.2470692E-03
   7110.20  5.3197373E-03
   7110.30  5.3947511E-03
   7110.40  5.4722793E-03
   7110.50  5.5525158E-03
   7110.60  5.6356855E-03
   7110.70  5.7220504E-03
   7110.80  5.8119194E-03
   7110.90  5.9056573E-03
   7111.00  6.0036970E-03
   7111.10  6.1065495E-03
   7111.20  6.2148099E-03
   7111.30  6.3291500E-03
   7111.40  6.4502816E-03
   7111.50  6.5788682E-03
   7111.60  6.7153663E-03
   7111.70  6.8598111E-03
   7111.80  7.0116453E-03
   7111.90  7.1697872E-03
   7112.00  7.3333178E-03
   7112.10  7.5010931E-03
   7112.20  7.6716864E-03
   7112.30  7.8431744E-03
   7112.40  8.0129863E-03
   7112.50  8.1785312E-03
   7112.60  8.3385720E-03
   7112.70  8.4943989E-03
   7112.80  8.6497568E-03
   7112.90  8.8095434E-03
   7113.00  8.9782943E-03
   7113.10  9.1593100E-03
   7113.20  9.3545151E-03
   7113.30  9.5647380E-03
   7113.40  9.7903233E-03
   7113.50  1.0031438E-02
   7113.60  1.0288239E-02
   7113.70  1.0561269E-02
   7113.80  1.0851537E-02
   7113.90  1.1160512E-02
   7114.00  1.1490069E-02
   7114.10  1.1842409E-02
   7114.20  1.2220005E-02
   7114.30  1.2625580E-02
   7114.40  1.3062125E-02
   7114.50  1.3532939E-02
   7114.60  1.4041689E-02
   7114.70  1.4592479E-02
   7114.80  1.5189921E-02
   7114.90  1.5839216E-02
   7115.00  1.6546240E-02
   7115.10  1.7317626E-02
   7115.20  1.8160854E-02
   7115.30  1.9084327E-02
   7115.40  2.0097425E-02
   7115.50  2.1210513E-02
   7115.60  2.2434838E-02
   7115.70  2.3782263E-02
   7115.80  2.5264748E-02
   7115.90  2.6893516E-02
   7116.00  2.8677925E-02
   7116.10  3.0624151E-02
   7116.20  3.2733984E-02
   7116.30  3.5004118E-02
   7116.40  3.7426372E-02
   7116.50  3.9989084E-02
   7116.60  4.2679445E-02
   7116.70  4.5485909E-02
   7116.80  4.8399355E-02
   7116.90  5.1411841E-02
   7117.00  5.4512849E-02
   7117.10  5.7685621E-02
   7117.20  6.0897269E-02
   7117.30  6.4065987E-02
   7117.40  6.7253252E-02
   7117.50  7.0231890E-02
   7117.60  7.3187657E-02
   7117.70  7.5841538E-02
   7117.80  7.8447737E-02
   7117.90  8.0808604E-02
   7118.00  8.3139829E-02
   7118.10  8.5378724E-02
   7118.20  8.7635405E-02
   7118.30  8.9929198E-02
   7118.40  9.2282760E-02
   7118.60  9.7202282E-02
   7118.80  1.0229740E-01
   7119.00  1.0740620E-01
   7119.20  1.1242082E-01
   7119.40  1.1730528E-01
   7119.60  1.2209839E-01
   7119.80  1.2695345E-01
   7120.00  1.3215199E-01
   7120.20  1.3804044E-01
   7120.40  1.4490545E-01
   7120.60  1.5286386E-01
   7120.80  1.6184342E-01
   7121.00  1.7165165E-01
   7121.20  1.8204877E-01
   7121.40  1.9275115E-01
   7121.60  2.0339749E-01
   7121.80  2.1355928E-01
   7122.00  2.2280084E-01
   7122.20  2.3075021E-01
   7122.40  2.3717646E-01
   7122.60  2.4206073E-01
   7122.80  2.4560668E-01
   7123.00  2.4816112E-01
   7123.20  2.5008659E-01
   7123.40  2.5166107E-01
   7123.60  2.5305039E-01
   7123.80  2.5434084E-01
   7124.00  2.5558343E-01
   7124.20  2.5681543E-01
   7124.40  2.5806169E-01
   7124.60  2.5933198E-01
   7124.80  2.6062111E-01
   7125.00  2.6191033E-01
   7125.20  2.6317051E-01
   7125.40  2.6436682E-01
   7125.60  2.6546162E-01
   7125.80  2.6641301E-01
   7126.00  2.6717057E-01
   7126.20  2.6767272E-01
   7126.40  2.6784888E-01
   7126.60  2.6762700E-01
   7126.80  2.6694387E-01
   7127.00  2.6575466E-01
   7127.20  2.6403869E-01
   7127.40  2.6180016E-01
   7127.60  2.5906497E-01
   7127.80  2.5587593E-01
   7128.00  2.5228850E-01
   7128.20  2.4836803E-01
   7128.40  2.4418816E-01
   7128.60  2.3982875E-01
   7128.80  2.3537252E-01
   7129.00  2.3090009E-01
   7129.20  2.2648433E-01
   7129.40  2.2218561E-01
   7129.60  2.1804892E-01
   7129.80  2.1410342E-01
   7130.00  2.1036396E-01
   7130.20  2.0683419E-01
   7130.40  2.0351028E-01
   7130.60  2.0038454E-01
   7130.80  1.9744860E-01
   7131.00  1.9469559E-01
   7131.20  1.9212119E-01
   7131.40  1.8972372E-01
   7131.60  1.8750341E-01
   7131.80  1.8546137E-01
   7132.00  1.8359840E-01
   7132.20  1.8211289E-01
   7132.40  1.8071619E-01
   7132.60  1.7938179E-01
   7132.80  1.7811187E-01
   7133.00  1.7690679E-01
   7133.20  1.7614592E-01
   7133.40  1.7548317E-01
   7134.40  1.7336686E-01
   7135.40  1.7296261E-01
   7136.40  1.7320870E-01
   7137.40  1.7343301E-01
   7138.40  1.7310060E-01
   7139.40  1.7176837E-01
   7140.40  1.6921221E-01
   7141.40  1.6553010E-01
   7142.40  1.6112077E-01
   7143.40  1.5651839E-01
   7144.40  1.5219963E-01
   7145.40  1.4849858E-01
   7146.40  1.4562659E-01
   7147.40  1.4371402E-01
   7148.40  1.4283084E-01
   7149.40  1.4299601E-01
   7150.40  1.4418697E-01
   7151.40  1.4634523E-01
   7152.40  1.4937568E-01
   7153.40  1.5314621E-01
   7154.40  1.5749347E-01
   7155.40  1.6223472E-01
   7156.40  1.6718183E-01
   7157.40  1.7215488E-01
   7158.40  1.7699468E-01
   7159.40  1.8157403E-01
   7160.40  1.8580453E-01
   7161.40  1.8963599E-01
   7162.40  1.9304848E-01
   7163.40  1.9604001E-01
   7164.40  1.9861496E-01
   7165.40  2.0077633E-01
   7166.40  2.0252365E-01
   7167.40  2.0385598E-01
   7168.40  2.0477895E-01
   7169.40  2.0531306E-01
   7170.40  2.0549973E-01
   7171.40  2.0540229E-01
   7172.40  2.0510045E-01
   7173.40  2.0467921E-01
   7174.40  2.0421483E-01
   7175.40  2.0376180E-01
   7176.40  2.0334410E-01
   7177.40  2.0295255E-01
   7178.40  2.0254834E-01
   7179.40  2.0207185E-01
   7180.40  2.0145565E-01
   7181.40  2.0063997E-01
   7182.40  1.9958774E-01
   7183.40  1.9829462E-01
   7184.40  1.9678993E-01
   7185.40  1.9512788E-01
   7186.40  1.9337343E-01
   7187.40  1.9158837E-01
   7188.40  1.8982215E-01
   7189.40  1.8810881E-01
   7190.40  1.8646926E-01
   7191.40  1.8491705E-01
   7192.40  1.8346493E-01
   7193.40  1.8212967E-01
   7194.40  1.8093352E-01
   7195.40  1.7990229E-01
   7196.40  1.7906132E-01
   7197.40  1.7843104E-01
   7198.40  1.7802405E-01
   7199.40  1.7784420E-01
   7200.40  1.7788800E-01
   7201.40  1.7814715E-01
   7202.40  1.7861138E-01
   7203.40  1.7927040E-01
   7204.40  1.8011425E-01
   7205.40  1.8113172E-01
   7206.40  1.8230729E-01
   7207.40  1.8361760E-01
   7208.40  1.8502922E-01
   7209.40  1.8649890E-01
   7210.40  1.8797709E-01
   7211.40  1.8941414E-01
