    Energy    <xanes>    
   7072.00  1.2999110E-04
   7072.50  1.3143650E-04
   7073.00  1.3291233E-04
   7073.50  1.3441956E-04
   7074.00  1.3595919E-04
   7074.50  1.3753227E-04
   7075.00  1.3913990E-04
   7075.50  1.4078322E-04
   7076.00  1.4246341E-04
   7076.50  1.4418174E-04
   7077.00  1.4593950E-04
   7077.50  1.4773805E-04
   7078.00  1.4957883E-04
   7078.50  1.5146333E-04
   7079.00  1.5339311E-04
   7079.50  1.5536982E-04
   7080.00  1.5739518E-04
   7080.50  1.5947100E-04
   7081.00  1.6159917E-04
   7081.50  1.6378169E-04
   7082.00  1.6602065E-04
   7082.50  1.6831827E-04
   7083.00  1.7067686E-04
   7083.50  1.7309888E-04
   7084.00  1.7558690E-04
   7084.50  1.7814364E-04
   7085.00  1.8077199E-04
   7085.50  1.8347498E-04
   7086.00  1.8625582E-04
   7086.50  1.8911792E-04
   7087.00  1.9206488E-04
   7087.50  1.9510053E-04
   7088.00  1.9822891E-04
   7088.50  2.0145435E-04
   7089.00  2.0478142E-04
   7089.50  2.0821500E-04
   7090.00  2.1176031E-04
   7090.50  2.1542288E-04
   7091.00  2.1920866E-04
   7091.50  2.2312398E-04
   7092.00  2.2717565E-04
   7092.50  2.3137096E-04
   7093.00  2.3571773E-04
   7093.50  2.4022440E-04
   7094.00  2.4490005E-04
   7094.50  2.4975449E-04
   7095.00  2.5479831E-04
   7095.50  2.6004303E-04
   7096.00  2.6550113E-04
   7096.50  2.7118619E-04
   7097.00  2.7711305E-04
   7097.50  2.8329795E-04
   7098.00  2.8975869E-04
   7098.50  2.9651490E-04
   7099.00  3.0358823E-04
   7099.50  3.1100272E-04
   7100.00  3.1878512E-04
   7100.50  3.2696540E-04
   7101.00  3.3557723E-04
   7101.50  3.4465874E-04
   7102.00  3.5425339E-04
   7102.50  3.6441103E-04
   7103.00  3.7518945E-04
   7103.50  3.8665622E-04
   7104.00  3.9889134E-04
   7104.50  4.1199078E-04
   7105.00  4.2607148E-04
   7105.50  4.4127859E-04
   7106.00  4.5779612E-04
   7106.50  4.7586327E-04
   7107.00  4.9580018E-04
   7107.10  5.0004810E-04
   7107.20  5.0439224E-04
   7107.30  5.0883724E-04
   7107.40  5.1338808E-04
   7107.50  5.1805017E-04
   7107.60  5.2282934E-04
   7107.70  5.2773193E-04
   7107.80  5.3276482E-04
   7107.90  5.3793553E-04
   7108.00  5.4325223E-04
   7108.10  5.4872387E-04
   7108.20  5.5436027E-04
   7108.30  5.6017222E-04
   7108.40  5.6617160E-04
   7108.50  5.7237151E-04
   7108.60  5.7878650E-04
   7108.70  5.8543268E-04
   7108.80  5.9232800E-04
   7108.90  5.9949250E-04
   7109.00  6.0694863E-04
   7109.10  6.1472159E-04
   7109.20  6.2283980E-04
   7109.30  6.3133537E-04
   7109.40  6.4024474E-04
   7109.50  6.4960943E-04
   7109.60  6.5947685E-04
   7109.70  6.6990146E-04
   7109.80  6.8094597E-04
   7109.90  6.9268295E-04
   7110.00  7.0519675E-04
   7110.10  7.1858586E-04
   7110.20  7.3296581E-04
   7110.30  7.4847284E-04
   7110.40  7.6526841E-04
   7110.50  7.8354491E-04
   7110.60  8.0353286E-04
   7110.70  8.2550999E-04
   7110.80  8.4981289E-04
   7110.90  8.7685175E-04
   7111.00  9.0712925E-04
   7111.10  9.4126458E-04
   7111.20  9.8002380E-04
   7111.30  1.0243576E-03
   7111.40  1.0754472E-03
   7111.50  1.1347577E-03
   7111.60  1.2040958E-03
   7111.70  1.2856651E-03
   7111.80  1.3821095E-03
   7111.90  1.4965234E-03
   7112.00  1.6323953E-03
   7112.10  1.7934038E-03
   7112.20  1.9824085E-03
   7112.30  2.1996781E-03
   7112.40  2.4396491E-03
   7112.50  2.6865093E-03
   7112.60  2.9110066E-03
   7112.70  3.0735791E-03
   7112.80  3.1379565E-03
   7112.90  3.0899433E-03
   7113.00  2.9460084E-03
   7113.10  2.7431617E-03
   7113.20  2.5201474E-03
   7113.30  2.3048730E-03
   7113.40  2.1121589E-03
   7113.50  1.9471906E-03
   7113.60  1.8097545E-03
   7113.70  1.6972162E-03
   7113.80  1.6061610E-03
   7113.90  1.5331833E-03
   7114.00  1.4752246E-03
   7114.10  1.4296851E-03
   7114.20  1.3944230E-03
   7114.30  1.3677044E-03
   7114.40  1.3481400E-03
   7114.50  1.3346220E-03
   7114.60  1.3262705E-03
   7114.70  1.3223878E-03
   7114.80  1.3224214E-03
   7114.90  1.3259345E-03
   7115.00  1.3325825E-03
   7115.10  1.3420952E-03
   7115.20  1.3542626E-03
   7115.30  1.3689250E-03
   7115.40  1.3859642E-03
   7115.50  1.4052983E-03
   7115.60  1.4268761E-03
   7115.70  1.4506744E-03
   7115.80  1.4766950E-03
   7115.90  1.5049625E-03
   7116.00  1.5355239E-03
   7116.10  1.5684467E-03
   7116.20  1.6038197E-03
   7116.30  1.6417535E-03
   7116.40  1.6823809E-03
   7116.50  1.7258596E-03
   7116.60  1.7723728E-03
   7116.70  1.8221323E-03
   7116.80  1.8753806E-03
   7116.90  1.9323938E-03
   7117.00  1.9934843E-03
   7117.20  2.1293452E-03
   7117.40  2.2862844E-03
   7117.60  2.4683133E-03
   7117.80  2.6800650E-03
   7118.00  2.9265909E-03
   7118.20  3.2130206E-03
   7118.40  3.5440386E-03
   7118.60  3.9232661E-03
   7118.80  4.3533732E-03
   7119.00  4.8374165E-03
   7119.20  5.3788895E-03
   7119.40  5.9782914E-03
   7119.60  6.6298997E-03
   7119.80  7.3226630E-03
   7120.00  8.0425864E-03
   7120.20  8.7728963E-03
   7120.40  9.4929442E-03
   7120.60  1.0178554E-02
   7120.80  1.0805531E-02
   7121.00  1.1356201E-02
   7121.20  1.1825555E-02
   7121.40  1.2223348E-02
   7121.60  1.2571005E-02
   7121.80  1.2894235E-02
   7122.00  1.3214758E-02
   7122.20  1.3545621E-02
   7122.40  1.3891815E-02
   7122.60  1.4254713E-02
   7122.80  1.4637626E-02
   7123.00  1.5049863E-02
   7123.20  1.5507893E-02
   7123.40  1.6033769E-02
   7123.60  1.6651754E-02
   7123.80  1.7383925E-02
   7124.00  1.8245469E-02
   7124.20  1.9240779E-02
   7124.40  2.0361579E-02
   7124.60  2.1587795E-02
   7124.80  2.2890924E-02
   7125.00  2.4238726E-02
   7125.20  2.5599824E-02
   7125.40  2.6947199E-02
   7125.60  2.8260364E-02
   7125.80  2.9526372E-02
   7126.00  3.0739786E-02
   7126.20  3.1901749E-02
   7126.40  3.3018398E-02
   7126.60  3.4098982E-02
   7126.80  3.5153924E-02
   7127.00  3.6192853E-02
   7127.20  3.7222627E-02
   7127.40  3.8245525E-02
   7127.60  3.9258046E-02
   7127.80  4.0250738E-02
   7128.00  4.1209269E-02
   7128.20  4.2116552E-02
   7128.40  4.2955352E-02
   7128.60  4.3710695E-02
   7128.80  4.4371516E-02
   7129.00  4.4931304E-02
   7129.20  4.5387820E-02
   7129.40  4.5742208E-02
   7129.60  4.5997864E-02
   7129.80  4.6159398E-02
   7130.00  4.6231883E-02
   7130.20  4.6220471E-02
   7130.40  4.6130332E-02
   7130.60  4.5966777E-02
   7130.80  4.5735441E-02
   7131.00  4.5442405E-02
   7131.20  4.5094208E-02
   7131.40  4.4697768E-02
   7131.60  4.4260233E-02
   7131.80  4.3788821E-02
   7132.00  4.3290670E-02
   7133.00  4.0629745E-02
   7134.00  3.8172019E-02
   7135.00  3.6318503E-02
   7136.00  3.5157460E-02
   7137.00  3.4575252E-02
   7138.00  3.4390375E-02
   7139.00  3.4443198E-02
   7140.00  3.4618501E-02
   7141.00  3.4823744E-02
   7142.00  3.4966943E-02
   7143.00  3.4957817E-02
   7144.00  3.4723105E-02
   7145.00  3.4220261E-02
   7146.00  3.3446455E-02
   7147.00  3.2443546E-02
   7148.00  3.1292132E-02
   7149.00  3.0090868E-02
   7150.00  2.8930382E-02
   7151.00  2.7876048E-02
   7152.00  2.6965154E-02
   7153.00  2.6212975E-02
   7154.00  2.5620164E-02
   7155.00  2.5178385E-02
   7156.00  2.4874608E-02
   7157.00  2.4694442E-02
   7158.00  2.4624141E-02
   7159.00  2.4651339E-02
   7160.00  2.4764839E-02
   7161.00  2.4953489E-02
   7162.00  2.5204653E-02
   7163.00  2.5503811E-02
   7164.00  2.5836276E-02
   7165.00  2.6190042E-02
   7166.00  2.6557603E-02
   7167.00  2.6935508E-02
   7168.00  2.7322371E-02
   7169.00  2.7716878E-02
   7170.00  2.8116887E-02
   7171.00  2.8519696E-02
   7172.00  2.8922944E-02
   7173.00  2.9325371E-02
   7174.00  2.9726850E-02
   7175.00  3.0127524E-02
   7176.00  3.0526532E-02
   7177.00  3.0921159E-02
   7178.00  3.1306990E-02
   7179.00  3.1678962E-02
   7180.00  3.2032617E-02
   7181.00  3.2364762E-02
   7182.00  3.2673372E-02
   7183.00  3.2957247E-02
   7184.00  3.3216071E-02
   7185.00  3.3451037E-02
   7186.00  3.3665573E-02
   7187.00  3.3865461E-02
   7188.00  3.4057956E-02
   7189.00  3.4250057E-02
   7190.00  3.4446551E-02
   7191.00  3.4648456E-02
   7192.00  3.4852296E-02
   7193.00  3.5050353E-02
   7194.00  3.5231791E-02
   7195.00  3.5384464E-02
   7196.00  3.5497078E-02
   7197.00  3.5561381E-02
   7198.00  3.5573992E-02
   7199.00  3.5537421E-02
   7200.00  3.5459881E-02
   7201.00  3.5353794E-02
   7202.00  3.5233358E-02
   7203.00  3.5111945E-02
   7204.00  3.5000101E-02
   7205.00  3.4904586E-02
   7206.00  3.4828387E-02
   7207.00  3.4771400E-02
   7208.00  3.4731392E-02
   7209.00  3.4705000E-02
   7210.00  3.4688620E-02
   7211.00  3.4679065E-02
   7212.00  3.4673926E-02
