    Energy    <xanes>    
   7072.00  2.5445820E-04
   7072.50  2.5753768E-04
   7073.00  2.6068650E-04
   7073.50  2.6390699E-04
   7074.00  2.6720158E-04
   7074.50  2.7057281E-04
   7075.00  2.7402335E-04
   7075.50  2.7755599E-04
   7076.00  2.8117362E-04
   7076.50  2.8487932E-04
   7077.00  2.8867627E-04
   7077.50  2.9256783E-04
   7078.00  2.9655752E-04
   7078.50  3.0064904E-04
   7079.00  3.0484627E-04
   7079.50  3.0915329E-04
   7080.00  3.1357438E-04
   7080.50  3.1811406E-04
   7081.00  3.2277709E-04
   7081.50  3.2756846E-04
   7082.00  3.3249347E-04
   7082.50  3.3755768E-04
   7083.00  3.4276697E-04
   7083.50  3.4812756E-04
   7084.00  3.5364602E-04
   7084.50  3.5932930E-04
   7085.00  3.6518477E-04
   7085.50  3.7122023E-04
   7086.00  3.7744397E-04
   7086.50  3.8386476E-04
   7087.00  3.9049196E-04
   7087.50  3.9733550E-04
   7088.00  4.0440594E-04
   7088.50  4.1171458E-04
   7089.00  4.1927341E-04
   7089.50  4.2709530E-04
   7090.00  4.3519394E-04
   7090.50  4.4358404E-04
   7091.00  4.5228133E-04
   7091.50  4.6130267E-04
   7092.00  4.7066620E-04
   7092.50  4.8039139E-04
   7093.00  4.9049925E-04
   7093.50  5.0101238E-04
   7094.00  5.1195523E-04
   7094.50  5.2335421E-04
   7095.00  5.3523794E-04
   7095.50  5.4763745E-04
   7096.00  5.6058649E-04
   7096.50  5.7412175E-04
   7097.00  5.8828330E-04
   7097.50  6.0311488E-04
   7098.00  6.1866441E-04
   7098.50  6.3498446E-04
   7099.00  6.5213284E-04
   7099.50  6.7017330E-04
   7100.00  6.8917627E-04
   7100.50  7.0921981E-04
   7101.00  7.3039067E-04
   7101.50  7.5278553E-04
   7102.00  7.7651252E-04
   7102.50  8.0169299E-04
   7103.00  8.2846363E-04
   7103.50  8.5697902E-04
   7104.00  8.8741482E-04
   7104.50  9.1997157E-04
   7105.00  9.5487950E-04
   7105.50  9.9240457E-04
   7106.00  1.0328562E-03
   7106.50  1.0765972E-03
   7107.00  1.1240578E-03
   7107.10  1.1340398E-03
   7107.20  1.1441955E-03
   7107.30  1.1545297E-03
   7107.40  1.1650473E-03
   7107.50  1.1757535E-03
   7107.60  1.1866538E-03
   7107.70  1.1977539E-03
   7107.80  1.2090596E-03
   7107.90  1.2205771E-03
   7108.00  1.2323130E-03
   7108.10  1.2442741E-03
   7108.20  1.2564676E-03
   7108.30  1.2689009E-03
   7108.40  1.2815820E-03
   7108.50  1.2945192E-03
   7108.60  1.3077216E-03
   7108.70  1.3211983E-03
   7108.80  1.3349595E-03
   7108.90  1.3490158E-03
   7109.00  1.3633785E-03
   7109.10  1.3780597E-03
   7109.20  1.3930726E-03
   7109.30  1.4084313E-03
   7109.40  1.4241511E-03
   7109.50  1.4402487E-03
   7109.60  1.4567422E-03
   7109.70  1.4736518E-03
   7109.80  1.4909996E-03
   7109.90  1.5088104E-03
   7110.00  1.5271121E-03
   7110.10  1.5459360E-03
   7110.20  1.5653181E-03
   7110.30  1.5852996E-03
   7110.40  1.6059285E-03
   7110.50  1.6272609E-03
   7110.60  1.6493634E-03
   7110.70  1.6723151E-03
   7110.80  1.6962112E-03
   7110.90  1.7211662E-03
   7111.00  1.7473183E-03
   7111.10  1.7748327E-03
   7111.20  1.8039031E-03
   7111.30  1.8347464E-03
   7111.40  1.8675846E-03
   7111.50  1.9026001E-03
   7111.60  1.9398498E-03
   7111.70  1.9791340E-03
   7111.80  2.0198558E-03
   7111.90  2.0609824E-03
   7112.00  2.1013002E-03
   7112.10  2.1399671E-03
   7112.20  2.1765550E-03
   7112.30  2.2113177E-03
   7112.40  2.2449836E-03
   7112.50  2.2784339E-03
   7112.60  2.3124745E-03
   7112.70  2.3477426E-03
   7112.80  2.3847021E-03
   7112.90  2.4236780E-03
   7113.00  2.4648997E-03
   7113.10  2.5085398E-03
   7113.20  2.5547432E-03
   7113.30  2.6036462E-03
   7113.40  2.6553886E-03
   7113.50  2.7101205E-03
   7113.60  2.7680072E-03
   7113.70  2.8292329E-03
   7113.80  2.8940029E-03
   7113.90  2.9625440E-03
   7114.00  3.0351036E-03
   7114.10  3.1119491E-03
   7114.20  3.1933686E-03
   7114.30  3.2796756E-03
   7114.40  3.3712167E-03
   7114.50  3.4683825E-03
   7114.60  3.5716161E-03
   7114.70  3.6814209E-03
   7114.80  3.7983671E-03
   7114.90  3.9230975E-03
   7115.00  4.0563358E-03
   7115.10  4.1988955E-03
   7115.20  4.3516906E-03
   7115.30  4.5157475E-03
   7115.40  4.6922189E-03
   7115.50  4.8823976E-03
   7115.60  5.0877306E-03
   7115.70  5.3098336E-03
   7115.80  5.5505028E-03
   7115.90  5.8117259E-03
   7116.00  6.0956910E-03
   7116.10  6.4047926E-03
   7116.20  6.7416364E-03
   7116.30  7.1090419E-03
   7116.40  7.5100335E-03
   7116.50  7.9478061E-03
   7116.60  8.4256315E-03
   7116.70  8.9466656E-03
   7116.80  9.5136293E-03
   7116.90  1.0128378E-02
   7117.00  1.0791454E-02
   7117.20  1.2256764E-02
   7117.40  1.3885468E-02
   7117.60  1.5647707E-02
   7117.80  1.7519797E-02
   7118.00  1.9474057E-02
   7118.20  2.1461799E-02
   7118.40  2.3412564E-02
   7118.60  2.5257858E-02
   7118.80  2.6953054E-02
   7119.00  2.8477787E-02
   7119.20  2.9833365E-02
   7119.40  3.1045591E-02
   7119.60  3.2161311E-02
   7119.80  3.3231897E-02
   7120.00  3.4291121E-02
   7120.20  3.5347423E-02
   7120.40  3.6399607E-02
   7120.60  3.7461871E-02
   7120.80  3.8577085E-02
   7121.00  3.9811309E-02
   7121.20  4.1239482E-02
   7121.40  4.2933109E-02
   7121.60  4.4952921E-02
   7121.80  4.7344379E-02
   7122.00  5.0131471E-02
   7122.20  5.3305922E-02
   7122.40  5.6815966E-02
   7122.60  6.0564248E-02
   7122.80  6.4419613E-02
   7123.00  6.8235646E-02
   7123.20  7.1864813E-02
   7123.40  7.5166887E-02
   7123.60  7.8020736E-02
   7123.80  8.0343576E-02
   7124.00  8.2108364E-02
   7124.20  8.3347749E-02
   7124.40  8.4144359E-02
   7124.60  8.4615139E-02
   7124.80  8.4894176E-02
   7125.00  8.5113791E-02
   7125.20  8.5385359E-02
   7125.40  8.5784776E-02
   7125.60  8.6346691E-02
   7125.80  8.7067540E-02
   7126.00  8.7914171E-02
   7126.20  8.8834431E-02
   7126.40  8.9767285E-02
   7126.60  9.0651342E-02
   7126.80  9.1431261E-02
   7127.00  9.2061781E-02
   7127.20  9.2509494E-02
   7127.40  9.2752864E-02
   7127.60  9.2781187E-02
   7127.80  9.2593030E-02
   7128.00  9.2194408E-02
   7128.20  9.1596795E-02
   7128.40  9.0815136E-02
   7128.60  8.9866166E-02
   7128.80  8.8767350E-02
   7129.00  8.7536566E-02
   7129.20  8.6192393E-02
   7129.40  8.4754645E-02
   7129.60  8.3244734E-02
   7129.80  8.1685602E-02
   7130.00  8.0101132E-02
   7130.20  7.8515161E-02
   7130.40  7.6950330E-02
   7130.60  7.5427010E-02
   7130.80  7.3962493E-02
   7131.00  7.2570537E-02
   7131.20  7.1261262E-02
   7131.40  7.0041346E-02
   7131.60  6.8914424E-02
   7131.80  6.7881592E-02
   7132.00  6.6941943E-02
   7133.00  6.3526605E-02
   7134.00  6.1824660E-02
   7135.00  6.1236010E-02
   7136.00  6.1243312E-02
   7137.00  6.1473840E-02
   7138.00  6.1669421E-02
   7139.00  6.1619469E-02
   7140.00  6.1180396E-02
   7141.00  6.0319523E-02
   7142.00  5.9097153E-02
   7143.00  5.7618319E-02
   7144.00  5.5994640E-02
   7145.00  5.4323952E-02
   7146.00  5.2692852E-02
   7147.00  5.1189273E-02
   7148.00  4.9905001E-02
   7149.00  4.8924371E-02
   7150.00  4.8308528E-02
   7151.00  4.8084823E-02
   7152.00  4.8245119E-02
   7153.00  4.8752197E-02
   7154.00  4.9550863E-02
   7155.00  5.0579271E-02
   7156.00  5.1776799E-02
   7157.00  5.3086599E-02
   7158.00  5.4453326E-02
   7159.00  5.5819463E-02
   7160.00  5.7125328E-02
   7161.00  5.8315094E-02
   7162.00  5.9345707E-02
   7163.00  6.0193175E-02
   7164.00  6.0853780E-02
   7165.00  6.1341833E-02
   7166.00  6.1686618E-02
   7167.00  6.1929462E-02
   7168.00  6.2120059E-02
   7169.00  6.2310789E-02
   7170.00  6.2549045E-02
   7171.00  6.2869524E-02
   7172.00  6.3289303E-02
   7173.00  6.3807640E-02
   7174.00  6.4410052E-02
   7175.00  6.5073997E-02
   7176.00  6.5773156E-02
   7177.00  6.6479011E-02
   7178.00  6.7160768E-02
   7179.00  6.7785734E-02
   7180.00  6.8321739E-02
   7181.00  6.8741588E-02
   7182.00  6.9027983E-02
   7183.00  6.9176570E-02
   7184.00  6.9195387E-02
   7185.00  6.9100724E-02
   7186.00  6.8911338E-02
   7187.00  6.8643655E-02
   7188.00  6.8309758E-02
   7189.00  6.7918245E-02
   7190.00  6.7476628E-02
   7191.00  6.6993507E-02
   7192.00  6.6479372E-02
   7193.00  6.5946006E-02
   7194.00  6.5405162E-02
   7195.00  6.4867181E-02
   7196.00  6.4339839E-02
   7197.00  6.3827609E-02
   7198.00  6.3331557E-02
   7199.00  6.2850100E-02
   7200.00  6.2380464E-02
   7201.00  6.1920320E-02
   7202.00  6.1468980E-02
   7203.00  6.1027750E-02
   7204.00  6.0599447E-02
   7205.00  6.0187436E-02
   7206.00  5.9794670E-02
   7207.00  5.9423162E-02
   7208.00  5.9074033E-02
   7209.00  5.8747963E-02
   7210.00  5.8445690E-02
   7211.00  5.8168181E-02
   7212.00  5.7916381E-02
