    Energy    <xanes>    
   7072.00  5.1534860E-04
   7072.50  5.2158533E-04
   7073.00  5.2796280E-04
   7073.50  5.3448575E-04
   7074.00  5.4115913E-04
   7074.50  5.4798813E-04
   7075.00  5.5497816E-04
   7075.50  5.6213489E-04
   7076.00  5.6946427E-04
   7076.50  5.7697251E-04
   7077.00  5.8466614E-04
   7077.50  5.9255200E-04
   7078.00  6.0063727E-04
   7078.50  6.0892947E-04
   7079.00  6.1743653E-04
   7079.50  6.2616677E-04
   7080.00  6.3512894E-04
   7080.50  6.4433226E-04
   7081.00  6.5378644E-04
   7081.50  6.6350169E-04
   7082.00  6.7348880E-04
   7082.50  6.8375916E-04
   7083.00  6.9432479E-04
   7083.50  7.0519838E-04
   7084.00  7.1639338E-04
   7084.50  7.2792401E-04
   7085.00  7.3980534E-04
   7085.50  7.5205334E-04
   7086.00  7.6468495E-04
   7086.50  7.7771819E-04
   7087.00  7.9117218E-04
   7087.50  8.0506729E-04
   7088.00  8.1942520E-04
   7088.50  8.3426901E-04
   7089.00  8.4962341E-04
   7089.50  8.6551473E-04
   7090.00  8.8197117E-04
   7090.50  8.9902288E-04
   7091.00  9.1670220E-04
   7091.50  9.3504384E-04
   7092.00  9.5408509E-04
   7092.50  9.7386608E-04
   7093.00  9.9443002E-04
   7093.50  1.0158236E-03
   7094.00  1.0380971E-03
   7094.50  1.0613052E-03
   7095.00  1.0855069E-03
   7095.50  1.1107664E-03
   7096.00  1.1371535E-03
   7096.50  1.1647443E-03
   7097.00  1.1936218E-03
   7097.50  1.2238768E-03
   7098.00  1.2556089E-03
   7098.50  1.2889275E-03
   7099.00  1.3239530E-03
   7099.50  1.3608186E-03
   7100.00  1.3996714E-03
   7100.50  1.4406751E-03
   7101.00  1.4840117E-03
   7101.50  1.5298848E-03
   7102.00  1.5785227E-03
   7102.50  1.6301823E-03
   7103.00  1.6851542E-03
   7103.50  1.7437686E-03
   7104.00  1.8064025E-03
   7104.50  1.8734891E-03
   7105.00  1.9455294E-03
   7105.50  2.0231078E-03
   7106.00  2.1069118E-03
   7106.50  2.1977601E-03
   7107.00  2.2966405E-03
   7107.10  2.3174825E-03
   7107.20  2.3387044E-03
   7107.30  2.3603178E-03
   7107.40  2.3823346E-03
   7107.50  2.4047677E-03
   7107.60  2.4276304E-03
   7107.70  2.4509367E-03
   7107.80  2.4747015E-03
   7107.90  2.4989404E-03
   7108.00  2.5236701E-03
   7108.10  2.5489081E-03
   7108.20  2.5746730E-03
   7108.30  2.6009848E-03
   7108.40  2.6278646E-03
   7108.50  2.6553350E-03
   7108.60  2.6834205E-03
   7108.70  2.7121470E-03
   7108.80  2.7415428E-03
   7108.90  2.7716384E-03
   7109.00  2.8024669E-03
   7109.10  2.8340643E-03
   7109.20  2.8664701E-03
   7109.30  2.8997277E-03
   7109.40  2.9338851E-03
   7109.50  2.9689954E-03
   7109.60  3.0051180E-03
   7109.70  3.0423195E-03
   7109.80  3.0806750E-03
   7109.90  3.1202700E-03
   7110.00  3.1612021E-03
   7110.10  3.2035839E-03
   7110.20  3.2475459E-03
   7110.30  3.2932408E-03
   7110.40  3.3408486E-03
   7110.50  3.3905830E-03
   7110.60  3.4426995E-03
   7110.70  3.4975064E-03
   7110.80  3.5553772E-03
   7110.90  3.6167671E-03
   7111.00  3.6822313E-03
   7111.10  3.7524452E-03
   7111.20  3.8282214E-03
   7111.30  3.9105152E-03
   7111.40  4.0003981E-03
   7111.50  4.0989689E-03
   7111.60  4.2071602E-03
   7111.70  4.3254187E-03
   7111.80  4.4533294E-03
   7111.90  4.5894100E-03
   7112.00  4.7314904E-03
   7112.10  4.8774300E-03
   7112.20  5.0246990E-03
   7112.30  5.1701826E-03
   7112.40  5.3091064E-03
   7112.50  5.4346519E-03
   7112.60  5.5394007E-03
   7112.70  5.6183561E-03
   7112.80  5.6716485E-03
   7112.90  5.7049153E-03
   7113.00  5.7271777E-03
   7113.10  5.7478233E-03
   7113.20  5.7743885E-03
   7113.30  5.8117611E-03
   7113.40  5.8624670E-03
   7113.50  5.9274061E-03
   7113.60  6.0065722E-03
   7113.70  6.0995710E-03
   7113.80  6.2059260E-03
   7113.90  6.3252332E-03
   7114.00  6.4572258E-03
   7114.10  6.6017951E-03
   7114.20  6.7589961E-03
   7114.30  6.9290515E-03
   7114.40  7.1123588E-03
   7114.50  7.3094934E-03
   7114.60  7.5212079E-03
   7114.70  7.7484295E-03
   7114.80  7.9922583E-03
   7114.90  8.2539706E-03
   7115.00  8.5350253E-03
   7115.10  8.8370739E-03
   7115.20  9.1619737E-03
   7115.30  9.5118002E-03
   7115.40  9.8888623E-03
   7115.50  1.0295716E-02
   7115.60  1.0735179E-02
   7115.70  1.1210347E-02
   7115.80  1.1724617E-02
   7115.90  1.2281714E-02
   7116.00  1.2885722E-02
   7116.10  1.3541121E-02
   7116.20  1.4252790E-02
   7116.30  1.5025958E-02
   7116.40  1.5866047E-02
   7116.50  1.6778378E-02
   7116.60  1.7767723E-02
   7116.70  1.8837747E-02
   7116.80  1.9990408E-02
   7116.90  2.1225473E-02
   7117.00  2.2540313E-02
   7117.20  2.5389274E-02
   7117.40  2.8495763E-02
   7117.60  3.1854482E-02
   7117.80  3.5528900E-02
   7118.00  3.9614926E-02
   7118.20  4.4140368E-02
   7118.40  4.8959288E-02
   7118.60  5.3725112E-02
   7118.80  5.8008438E-02
   7119.00  6.1499898E-02
   7119.20  6.4120949E-02
   7119.40  6.5981920E-02
   7119.60  6.7296365E-02
   7119.80  6.8321279E-02
   7120.00  6.9311109E-02
   7120.20  7.0479333E-02
   7120.40  7.1979505E-02
   7120.60  7.3916802E-02
   7120.80  7.6379399E-02
   7121.00  7.9459064E-02
   7121.20  8.3246539E-02
   7121.40  8.7817273E-02
   7121.60  9.3221968E-02
   7121.80  9.9474690E-02
   7122.00  1.0653038E-01
   7122.20  1.1426145E-01
   7122.40  1.2244891E-01
   7122.60  1.3079445E-01
   7122.80  1.3895313E-01
   7123.00  1.4658136E-01
   7123.20  1.5338562E-01
   7123.40  1.5915702E-01
   7123.60  1.6379059E-01
   7123.80  1.6729369E-01
   7124.00  1.6977917E-01
   7124.20  1.7143856E-01
   7124.40  1.7250377E-01
   7124.60  1.7321033E-01
   7124.80  1.7376799E-01
   7125.00  1.7433827E-01
   7125.20  1.7502056E-01
   7125.40  1.7585048E-01
   7125.60  1.7681084E-01
   7125.80  1.7785033E-01
   7126.00  1.7890318E-01
   7126.20  1.7990449E-01
   7126.40  1.8079921E-01
   7126.60  1.8154499E-01
   7126.80  1.8211083E-01
   7127.00  1.8247342E-01
   7127.20  1.8261335E-01
   7127.40  1.8251239E-01
   7127.60  1.8215280E-01
   7127.80  1.8151832E-01
   7128.00  1.8059617E-01
   7128.20  1.7937922E-01
   7128.40  1.7786769E-01
   7128.60  1.7607018E-01
   7128.80  1.7400407E-01
   7129.00  1.7169517E-01
   7129.20  1.6917690E-01
   7129.40  1.6648883E-01
   7129.60  1.6367476E-01
   7129.80  1.6078055E-01
   7130.00  1.5785194E-01
   7130.20  1.5493241E-01
   7130.40  1.5206154E-01
   7130.60  1.4927362E-01
   7130.80  1.4659694E-01
   7131.00  1.4405340E-01
   7131.20  1.4165878E-01
   7131.40  1.3942314E-01
   7131.60  1.3735164E-01
   7131.80  1.3544538E-01
   7132.00  1.3370226E-01
   7133.00  1.2722856E-01
   7134.00  1.2376334E-01
   7135.00  1.2234222E-01
   7136.00  1.2224796E-01
   7137.00  1.2298950E-01
   7138.00  1.2408925E-01
   7139.00  1.2496825E-01
   7140.00  1.2506840E-01
   7141.00  1.2402536E-01
   7142.00  1.2174212E-01
   7143.00  1.1837289E-01
   7144.00  1.1426550E-01
   7145.00  1.0987212E-01
   7146.00  1.0563958E-01
   7147.00  1.0192351E-01
   7148.00  9.8952627E-02
   7149.00  9.6832948E-02
   7150.00  9.5577226E-02
   7151.00  9.5145201E-02
   7152.00  9.5475010E-02
   7153.00  9.6493582E-02
   7154.00  9.8111028E-02
   7155.00  1.0021356E-01
   7156.00  1.0266536E-01
   7157.00  1.0531946E-01
   7158.00  1.0803235E-01
   7159.00  1.1067909E-01
   7160.00  1.1316872E-01
   7161.00  1.1545558E-01
   7162.00  1.1753874E-01
   7163.00  1.1944635E-01
   7164.00  1.2121285E-01
   7165.00  1.2286162E-01
   7166.00  1.2439987E-01
   7167.00  1.2582343E-01
   7168.00  1.2712443E-01
   7169.00  1.2829664E-01
   7170.00  1.2933783E-01
   7171.00  1.3025064E-01
   7172.00  1.3104346E-01
   7173.00  1.3173098E-01
   7174.00  1.3233364E-01
   7175.00  1.3287489E-01
   7176.00  1.3337646E-01
   7177.00  1.3385302E-01
   7178.00  1.3430773E-01
   7179.00  1.3473041E-01
   7180.00  1.3509962E-01
   7181.00  1.3538900E-01
   7182.00  1.3557595E-01
   7183.00  1.3564893E-01
   7184.00  1.3560976E-01
   7185.00  1.3546958E-01
   7186.00  1.3524141E-01
   7187.00  1.3493381E-01
   7188.00  1.3454913E-01
   7189.00  1.3408656E-01
   7190.00  1.3354684E-01
   7191.00  1.3293579E-01
   7192.00  1.3226558E-01
   7193.00  1.3155470E-01
   7194.00  1.3082721E-01
   7195.00  1.3011084E-01
   7196.00  1.2943319E-01
   7197.00  1.2881620E-01
   7198.00  1.2827059E-01
   7199.00  1.2779259E-01
   7200.00  1.2736405E-01
   7201.00  1.2695602E-01
   7202.00  1.2653430E-01
   7203.00  1.2606600E-01
   7204.00  1.2552561E-01
   7205.00  1.2489981E-01
   7206.00  1.2418987E-01
   7207.00  1.2341112E-01
   7208.00  1.2258955E-01
   7209.00  1.2175645E-01
   7210.00  1.2094271E-01
   7211.00  1.2017419E-01
   7212.00  1.1946902E-01
