    Energy    <xanes>    
   7072.00  2.1110030E-03
   7072.50  2.1334754E-03
   7073.00  2.1593545E-03
   7073.50  2.1858232E-03
   7074.00  2.2129015E-03
   7074.50  2.2406105E-03
   7075.00  2.2689723E-03
   7075.50  2.2980099E-03
   7076.00  2.3277473E-03
   7076.50  2.3582099E-03
   7077.00  2.3894242E-03
   7077.50  2.4214180E-03
   7078.00  2.4542204E-03
   7078.50  2.4878621E-03
   7079.00  2.5223753E-03
   7079.50  2.5577938E-03
   7080.00  2.5941534E-03
   7080.50  2.6314914E-03
   7081.00  2.6698473E-03
   7081.50  2.7092629E-03
   7082.00  2.7497820E-03
   7082.50  2.7914511E-03
   7083.00  2.8343190E-03
   7083.50  2.8784376E-03
   7084.00  2.9238617E-03
   7084.50  2.9706493E-03
   7085.00  3.0188618E-03
   7085.50  3.0685645E-03
   7086.00  3.1198265E-03
   7086.50  3.1727215E-03
   7087.00  3.2273275E-03
   7087.50  3.2837279E-03
   7088.00  3.3420112E-03
   7088.50  3.4022720E-03
   7089.00  3.4646114E-03
   7089.50  3.5291371E-03
   7090.00  3.5959646E-03
   7090.50  3.6652177E-03
   7091.00  3.7370288E-03
   7091.50  3.8115404E-03
   7092.00  3.8889055E-03
   7092.50  3.9692890E-03
   7093.00  4.0528685E-03
   7093.50  4.1398357E-03
   7094.00  4.2303980E-03
   7094.50  4.3247799E-03
   7095.00  4.4232248E-03
   7095.50  4.5259974E-03
   7096.00  4.6333854E-03
   7096.50  4.7457027E-03
   7097.00  4.8632921E-03
   7097.50  4.9865290E-03
   7098.00  5.1158250E-03
   7098.50  5.2516325E-03
   7099.00  5.3944504E-03
   7099.50  5.5448293E-03
   7100.00  5.7033795E-03
   7100.50  5.8707785E-03
   7101.00  6.0477813E-03
   7101.50  6.2352313E-03
   7102.00  6.4340743E-03
   7102.50  6.6453748E-03
   7103.00  6.8703352E-03
   7103.50  7.1103202E-03
   7104.00  7.3668852E-03
   7104.50  7.6418128E-03
   7105.00  7.9371577E-03
   7105.50  8.2553036E-03
   7106.00  8.5990373E-03
   7106.50  8.9716455E-03
   7107.00  9.3770466E-03
   7107.10  9.4614513E-03
   7107.20  9.5491469E-03
   7107.30  9.6383782E-03
   7107.40  9.7286432E-03
   7107.50  9.8199749E-03
   7107.60  9.9124077E-03
   7107.62  9.9299053E-03
   7107.72  1.0025570E-02
   7107.82  1.0123081E-02
   7107.92  1.0222496E-02
   7108.02  1.0323878E-02
   7108.12  1.0427290E-02
   7108.22  1.0532801E-02
   7108.32  1.0640482E-02
   7108.42  1.0750409E-02
   7108.52  1.0862662E-02
   7108.62  1.0977326E-02
   7108.72  1.1094490E-02
   7108.82  1.1214253E-02
   7108.92  1.1336715E-02
   7109.02  1.1461987E-02
   7109.12  1.1590188E-02
   7109.22  1.1721444E-02
   7109.32  1.1855893E-02
   7109.42  1.1993685E-02
   7109.52  1.2134983E-02
   7109.62  1.2279964E-02
   7109.72  1.2428826E-02
   7109.82  1.2581785E-02
   7109.92  1.2739083E-02
   7110.02  1.2900990E-02
   7110.12  1.3067811E-02
   7110.22  1.3239893E-02
   7110.32  1.3417631E-02
   7110.42  1.3601481E-02
   7110.52  1.3791972E-02
   7110.62  1.3989725E-02
   7110.72  1.4195475E-02
   7110.82  1.4410093E-02
   7110.92  1.4634627E-02
   7111.02  1.4870342E-02
   7111.12  1.5118770E-02
   7111.22  1.5381767E-02
   7111.32  1.5661567E-02
   7111.42  1.5960822E-02
   7111.52  1.6282587E-02
   7111.62  1.6630201E-02
   7111.72  1.7007005E-02
   7111.82  1.7415841E-02
   7111.92  1.7858392E-02
   7112.02  1.8334504E-02
   7112.12  1.8840117E-02
   7112.22  1.9364582E-02
   7112.32  1.9890198E-02
   7112.42  2.0393725E-02
   7112.52  2.0851921E-02
   7112.62  2.1249605E-02
   7112.72  2.1585562E-02
   7112.82  2.1870093E-02
   7112.92  2.2119775E-02
   7113.02  2.2351846E-02
   7113.12  2.2581846E-02
   7113.22  2.2823461E-02
   7113.32  2.3088184E-02
   7113.42  2.3384508E-02
   7113.52  2.3717647E-02
   7113.62  2.4090132E-02
   7113.72  2.4502793E-02
   7113.82  2.4955650E-02
   7113.92  2.5448513E-02
   7114.02  2.5981338E-02
   7114.12  2.6554406E-02
   7114.22  2.7168406E-02
   7114.32  2.7824469E-02
   7114.42  2.8524169E-02
   7114.52  2.9269529E-02
   7114.62  3.0063026E-02
   7114.72  3.0907604E-02
   7114.82  3.1806699E-02
   7114.92  3.2764265E-02
   7115.02  3.3784818E-02
   7115.12  3.4873484E-02
   7115.22  3.6036066E-02
   7115.32  3.7279112E-02
   7115.42  3.8610011E-02
   7115.52  4.0037086E-02
   7115.62  4.1569715E-02
   7115.72  4.3218457E-02
   7115.82  4.4995208E-02
   7115.92  4.6913374E-02
   7116.02  4.8988076E-02
   7116.12  5.1236387E-02
   7116.22  5.3677574E-02
   7116.32  5.6333358E-02
   7116.42  5.9228152E-02
   7116.52  6.2389251E-02
   7116.62  6.5846928E-02
   7116.72  6.9634379E-02
   7116.82  7.3787461E-02
   7116.92  7.8344152E-02
   7117.02  8.3384787E-02
   7117.12  8.9004121E-02
   7117.22  9.4874307E-02
   7117.32  1.0158810E-01
   7117.42  1.0857881E-01
   7117.52  1.1649528E-01
   7117.62  1.2469758E-01
   7117.82  1.4322384E-01
   7118.02  1.6381083E-01
   7118.22  1.8579745E-01
   7118.42  2.0857292E-01
   7118.62  2.3211258E-01
   7118.82  2.5711934E-01
   7119.02  2.8448292E-01
   7119.22  3.1448184E-01
   7119.42  3.4628225E-01
   7119.62  3.7793607E-01
   7119.82  4.0688582E-01
   7120.02  4.3083729E-01
   7120.22  4.4856382E-01
   7120.42  4.6015067E-01
   7120.62  4.6666784E-01
   7120.82  4.6967182E-01
   7121.02  4.7082187E-01
   7121.22  4.7164137E-01
   7121.42  4.7333944E-01
   7121.62  4.7664428E-01
   7121.82  4.8172427E-01
   7122.02  4.8828618E-01
   7122.22  4.9580102E-01
   7122.42  5.0371662E-01
   7122.62  5.1157618E-01
   7122.82  5.1905792E-01
   7123.02  5.2597596E-01
   7123.22  5.3226658E-01
   7123.42  5.3797630E-01
   7123.62  5.4326179E-01
   7123.82  5.4838698E-01
   7124.02  5.5367907E-01
   7124.22  5.5942060E-01
   7124.42  5.6571073E-01
   7124.62  5.7237477E-01
   7124.82  5.7898919E-01
   7125.02  5.8502764E-01
   7125.22  5.9006260E-01
   7125.42  5.9392361E-01
   7125.62  5.9674113E-01
   7125.82  5.9887449E-01
   7126.02  6.0077946E-01
   7126.22  6.0287920E-01
   7126.42  6.0547588E-01
   7126.62  6.0871172E-01
   7126.82  6.1257228E-01
   7127.02  6.1691992E-01
   7127.22  6.2154400E-01
   7127.42  6.2621419E-01
   7127.62  6.3072451E-01
   7127.82  6.3492008E-01
   7128.02  6.3870368E-01
   7128.22  6.4202538E-01
   7128.42  6.4486233E-01
   7128.62  6.4719744E-01
   7128.82  6.4900435E-01
   7129.02  6.5024247E-01
   7129.22  6.5086213E-01
   7129.42  6.5081617E-01
   7129.62  6.5007309E-01
   7129.82  6.4862712E-01
   7130.02  6.4650256E-01
   7130.22  6.4375195E-01
   7130.42  6.4044966E-01
   7130.62  6.3668303E-01
   7130.82  6.3254348E-01
   7131.02  6.2811906E-01
   7131.22  6.2348926E-01
   7131.42  6.1872203E-01
   7131.62  6.1387292E-01
   7131.82  6.0898547E-01
   7132.02  6.0409443E-01
   7132.22  5.9924084E-01
   7132.42  5.9443225E-01
   7132.62  5.8965906E-01
   7133.62  5.6693250E-01
   7134.62  5.4677678E-01
   7135.62  5.3039452E-01
   7136.62  5.1792155E-01
   7137.62  5.0829959E-01
   7138.62  5.0017449E-01
   7139.62  4.9260148E-01
   7140.62  4.8511708E-01
   7141.62  4.7752579E-01
   7142.62  4.6974281E-01
   7143.62  4.6175960E-01
   7144.62  4.5367070E-01
   7145.62  4.4567794E-01
   7146.62  4.3803421E-01
   7147.62  4.3096522E-01
   7148.62  4.2462477E-01
   7149.62  4.1910317E-01
   7150.62  4.1447735E-01
   7151.62  4.1086789E-01
   7152.62  4.0845719E-01
   7153.62  4.0745205E-01
   7154.62  4.0802343E-01
   7155.62  4.1026461E-01
   7156.62  4.1417556E-01
   7157.62  4.1965950E-01
   7158.62  4.2652351E-01
   7159.62  4.3448590E-01
   7160.62  4.4319734E-01
   7161.62  4.5228043E-01
   7162.62  4.6138355E-01
   7163.62  4.7023224E-01
   7164.62  4.7865781E-01
   7165.62  4.8659302E-01
   7166.62  4.9404360E-01
   7167.62  5.0105482E-01
   7168.62  5.0768600E-01
   7169.62  5.1399230E-01
   7170.62  5.2000802E-01
   7171.62  5.2573151E-01
   7172.62  5.3111790E-01
   7173.62  5.3608325E-01
   7174.62  5.4051737E-01
   7175.62  5.4430093E-01
   7176.62  5.4732381E-01
   7177.62  5.4950307E-01
   7178.62  5.5079826E-01
   7179.62  5.5122125E-01
   7180.62  5.5083804E-01
   7181.62  5.4976020E-01
   7182.62  5.4812600E-01
   7183.62  5.4607516E-01
   7184.62  5.4372490E-01
   7185.62  5.4115492E-01
   7186.62  5.3840532E-01
   7187.62  5.3548712E-01
   7188.62  5.3240125E-01
   7189.62  5.2915978E-01
   7190.62  5.2580206E-01
   7191.62  5.2239997E-01
   7192.62  5.1905064E-01
   7193.62  5.1586077E-01
   7194.62  5.1292940E-01
   7195.62  5.1033552E-01
   7196.62  5.0813245E-01
   7197.62  5.0634701E-01
   7198.62  5.0497976E-01
   7199.62  5.0400429E-01
   7200.62  5.0336613E-01
   7201.62  5.0298420E-01
   7202.62  5.0275726E-01
   7203.62  5.0257578E-01
   7204.62  5.0233726E-01
   7205.62  5.0196120E-01
   7206.62  5.0139984E-01
   7207.62  5.0064228E-01
   7208.62  4.9971149E-01
   7209.62  4.9865533E-01
   7210.62  4.9753449E-01
   7211.62  4.9641006E-01
