    Energy    <xanes>    
  30451.00  1.0777806E-03
  30451.50  1.0943558E-03
  30452.00  1.1113955E-03
  30452.50  1.1289188E-03
  30453.00  1.1469457E-03
  30453.50  1.1654972E-03
  30454.00  1.1845955E-03
  30454.50  1.2042643E-03
  30455.00  1.2245283E-03
  30455.50  1.2454137E-03
  30456.00  1.2669483E-03
  30456.50  1.2891614E-03
  30457.00  1.3120843E-03
  30457.50  1.3357498E-03
  30458.00  1.3601930E-03
  30458.50  1.3854510E-03
  30459.00  1.4115633E-03
  30459.50  1.4385720E-03
  30460.00  1.4665216E-03
  30460.50  1.4954598E-03
  30461.00  1.5254374E-03
  30461.50  1.5565085E-03
  30462.00  1.5887310E-03
  30462.50  1.6221667E-03
  30463.00  1.6568819E-03
  30463.50  1.6929475E-03
  30464.00  1.7304396E-03
  30464.50  1.7694398E-03
  30465.00  1.8100360E-03
  30465.50  1.8523225E-03
  30466.00  1.8964011E-03
  30466.50  1.9423816E-03
  30467.00  1.9903824E-03
  30467.50  2.0405318E-03
  30468.00  2.0929684E-03
  30468.50  2.1478426E-03
  30469.00  2.2053178E-03
  30469.50  2.2655714E-03
  30470.00  2.3287969E-03
  30470.50  2.3952049E-03
  30471.00  2.4650258E-03
  30471.50  2.5385116E-03
  30472.00  2.6159382E-03
  30472.50  2.6976089E-03
  30473.00  2.7838569E-03
  30473.50  2.8750497E-03
  30474.00  2.9715927E-03
  30474.50  3.0739346E-03
  30475.00  3.1825727E-03
  30475.50  3.2980594E-03
  30476.00  3.4210098E-03
  30476.50  3.5521101E-03
  30477.00  3.6921280E-03
  30477.50  3.8419241E-03
  30478.00  4.0024656E-03
  30478.50  4.1748424E-03
  30479.00  4.3602857E-03
  30479.50  4.5601899E-03
  30480.00  4.7761389E-03
  30480.50  5.0099357E-03
  30481.00  5.2636392E-03
  30481.50  5.5396057E-03
  30482.00  5.8405386E-03
  30482.50  6.1695468E-03
  30483.00  6.5302122E-03
  30483.50  6.9266675E-03
  30484.00  7.3636852E-03
  30484.50  7.8467758E-03
  30485.00  8.3822940E-03
  30485.50  8.9775442E-03
  30486.00  9.6408760E-03
  30486.10  9.7825247E-03
  30486.20  9.9273525E-03
  30486.30  1.0075442E-02
  30486.40  1.0226879E-02
  30486.50  1.0381748E-02
  30486.60  1.0540138E-02
  30486.70  1.0702139E-02
  30486.80  1.0867843E-02
  30486.90  1.1037341E-02
  30487.00  1.1210728E-02
  30487.10  1.1388100E-02
  30487.20  1.1569553E-02
  30487.30  1.1755186E-02
  30487.40  1.1945097E-02
  30487.50  1.2139386E-02
  30487.60  1.2338153E-02
  30487.70  1.2541499E-02
  30487.80  1.2749525E-02
  30487.90  1.2962332E-02
  30488.00  1.3180020E-02
  30488.10  1.3402689E-02
  30488.20  1.3630440E-02
  30488.30  1.3863369E-02
  30488.40  1.4101575E-02
  30488.50  1.4345151E-02
  30488.60  1.4594192E-02
  30488.70  1.4848788E-02
  30488.80  1.5109026E-02
  30488.90  1.5374991E-02
  30489.00  1.5646764E-02
  30489.10  1.5924422E-02
  30489.20  1.6208038E-02
  30489.30  1.6497681E-02
  30489.40  1.6793412E-02
  30489.50  1.7095290E-02
  30489.60  1.7403367E-02
  30489.70  1.7717688E-02
  30489.80  1.8038293E-02
  30489.90  1.8365214E-02
  30490.00  1.8698478E-02
  30490.10  1.9038103E-02
  30490.20  1.9384100E-02
  30490.30  1.9736472E-02
  30490.40  2.0095214E-02
  30490.50  2.0460314E-02
  30490.60  2.0831749E-02
  30490.70  2.1209490E-02
  30490.80  2.1593495E-02
  30490.90  2.1983716E-02
  30491.00  2.2380092E-02
  30491.10  2.2782571E-02
  30491.20  2.3191072E-02
  30491.30  2.3605477E-02
  30491.40  2.4025651E-02
  30491.50  2.4451442E-02
  30491.60  2.4882682E-02
  30491.70  2.5319184E-02
  30491.80  2.5760739E-02
  30491.90  2.6207119E-02
  30492.00  2.6658072E-02
  30492.10  2.7113319E-02
  30492.20  2.7572557E-02
  30492.30  2.8035455E-02
  30492.40  2.8501652E-02
  30492.50  2.8970755E-02
  30492.60  2.9442340E-02
  30492.70  2.9915952E-02
  30492.80  3.0391099E-02
  30492.90  3.0867258E-02
  30493.00  3.1343870E-02
  30493.10  3.1820344E-02
  30493.20  3.2296054E-02
  30493.30  3.2770344E-02
  30493.40  3.3242527E-02
  30493.50  3.3711889E-02
  30493.60  3.4177690E-02
  30493.70  3.4639167E-02
  30493.80  3.5095538E-02
  30493.90  3.5546006E-02
  30494.00  3.5989760E-02
  30494.10  3.6425984E-02
  30494.20  3.6853858E-02
  30494.30  3.7272564E-02
  30494.40  3.7681289E-02
  30494.50  3.8079231E-02
  30494.60  3.8465605E-02
  30494.70  3.8839644E-02
  30494.80  3.9200606E-02
  30494.90  3.9547778E-02
  30495.00  3.9880480E-02
  30495.10  4.0198066E-02
  30495.20  4.0499933E-02
  30495.30  4.0785518E-02
  30495.40  4.1054307E-02
  30495.50  4.1305831E-02
  30495.60  4.1539675E-02
  30495.70  4.1755472E-02
  30495.80  4.1952913E-02
  30495.90  4.2131742E-02
  30496.00  4.2291760E-02
  30496.20  4.2554844E-02
  30496.40  4.2741700E-02
  30496.60  4.2852761E-02
  30496.80  4.2889331E-02
  30497.00  4.2853546E-02
  30497.20  4.2748307E-02
  30497.40  4.2577210E-02
  30497.60  4.2344452E-02
  30497.80  4.2054733E-02
  30498.00  4.1713146E-02
  30498.20  4.1325064E-02
  30498.40  4.0896031E-02
  30498.60  4.0431647E-02
  30498.80  3.9937468E-02
  30499.00  3.9418914E-02
  30499.20  3.8881189E-02
  30499.40  3.8329216E-02
  30499.60  3.7767584E-02
  30499.80  3.7200518E-02
  30500.00  3.6631852E-02
  30500.20  3.6065023E-02
  30500.40  3.5503074E-02
  30500.60  3.4948667E-02
  30500.80  3.4404098E-02
  30501.00  3.3871327E-02
  30501.20  3.3351998E-02
  30501.40  3.2847473E-02
  30501.60  3.2358856E-02
  30501.80  3.1887025E-02
  30502.00  3.1432653E-02
  30502.20  3.0996236E-02
  30502.40  3.0578111E-02
  30502.60  3.0178478E-02
  30502.80  2.9797415E-02
  30503.00  2.9434892E-02
  30503.20  2.9090783E-02
  30503.40  2.8764881E-02
  30503.60  2.8456901E-02
  30503.80  2.8166491E-02
  30504.00  2.7893241E-02
  30504.20  2.7636683E-02
  30504.40  2.7396301E-02
  30504.60  2.7171533E-02
  30504.80  2.6961777E-02
  30505.00  2.6766393E-02
  30505.20  2.6584706E-02
  30505.40  2.6416011E-02
  30505.60  2.6259576E-02
  30505.80  2.6114645E-02
  30506.00  2.5980442E-02
  30506.20  2.5856177E-02
  30506.40  2.5741046E-02
  30506.60  2.5634238E-02
  30506.80  2.5534942E-02
  30507.00  2.5442347E-02
  30507.20  2.5355653E-02
  30507.40  2.5274071E-02
  30507.60  2.5196834E-02
  30507.80  2.5123196E-02
  30508.00  2.5052445E-02
  30508.20  2.4983900E-02
  30508.40  2.4916922E-02
  30508.60  2.4850914E-02
  30508.80  2.4785325E-02
  30509.00  2.4719656E-02
  30509.20  2.4653458E-02
  30509.40  2.4586336E-02
  30509.60  2.4517949E-02
  30509.80  2.4448011E-02
  30510.00  2.4376290E-02
  30510.20  2.4302605E-02
  30510.40  2.4226828E-02
  30510.60  2.4148880E-02
  30510.80  2.4068727E-02
  30511.00  2.3986380E-02
  30512.00  2.3544753E-02
  30513.00  2.3069138E-02
  30514.00  2.2589819E-02
  30515.00  2.2140331E-02
  30516.00  2.1750655E-02
  30517.00  2.1442995E-02
  30518.00  2.1229887E-02
  30519.00  2.1114358E-02
  30520.00  2.1091719E-02
  30521.00  2.1152275E-02
  30522.00  2.1284073E-02
  30523.00  2.1475017E-02
  30524.00  2.1714026E-02
  30525.00  2.1991321E-02
  30526.00  2.2298161E-02
  30527.00  2.2626410E-02
  30528.00  2.2968223E-02
  30529.00  2.3316027E-02
  30530.00  2.3662791E-02
  30531.00  2.4002501E-02
  30532.00  2.4330652E-02
  30533.00  2.4644603E-02
  30534.00  2.4943650E-02
  30535.00  2.5228786E-02
  30536.00  2.5502153E-02
  30537.00  2.5766270E-02
  30538.00  2.6023182E-02
  30539.00  2.6273709E-02
  30540.00  2.6516958E-02
  30541.00  2.6750222E-02
  30542.00  2.6969255E-02
  30543.00  2.7168868E-02
  30544.00  2.7343695E-02
  30545.00  2.7488970E-02
  30546.00  2.7601168E-02
  30547.00  2.7678402E-02
  30548.00  2.7720530E-02
  30549.00  2.7729004E-02
  30550.00  2.7706557E-02
  30551.00  2.7656822E-02
  30552.00  2.7583951E-02
  30553.00  2.7492260E-02
  30554.00  2.7385911E-02
  30555.00  2.7268628E-02
  30556.00  2.7143465E-02
  30557.00  2.7012661E-02
  30558.00  2.6877607E-02
  30559.00  2.6738931E-02
  30560.00  2.6596687E-02
  30561.00  2.6450603E-02
  30562.00  2.6300361E-02
  30563.00  2.6145844E-02
  30564.00  2.5987334E-02
  30565.00  2.5825621E-02
  30566.00  2.5662030E-02
  30567.00  2.5498341E-02
  30568.00  2.5336640E-02
  30569.00  2.5179105E-02
  30570.00  2.5027778E-02
  30571.00  2.4884352E-02
  30572.00  2.4750004E-02
  30573.00  2.4625283E-02
  30574.00  2.4510091E-02
  30575.00  2.4403720E-02
  30576.00  2.4304970E-02
  30577.00  2.4212310E-02
  30578.00  2.4124079E-02
  30579.00  2.4038685E-02
  30580.00  2.3954780E-02
  30581.00  2.3871380E-02
  30582.00  2.3787937E-02
  30583.00  2.3704323E-02
  30584.00  2.3620783E-02
  30585.00  2.3537837E-02
  30586.00  2.3456174E-02
  30587.00  2.3376547E-02
  30588.00  2.3299684E-02
  30589.00  2.3226223E-02
  30590.00  2.3156672E-02
  30591.00  2.3091385E-02
