    Energy    <xanes>    
   9619.00  1.7228362E-03
   9619.50  1.7458194E-03
   9620.00  1.7693789E-03
   9620.50  1.7935363E-03
   9621.00  1.8183142E-03
   9621.50  1.8437366E-03
   9622.00  1.8698283E-03
   9622.50  1.8966159E-03
   9623.00  1.9241270E-03
   9623.50  1.9523908E-03
   9624.00  1.9814381E-03
   9624.50  2.0113015E-03
   9625.00  2.0420151E-03
   9625.50  2.0736151E-03
   9626.00  2.1061399E-03
   9626.50  2.1396299E-03
   9627.00  2.1741279E-03
   9627.50  2.2096793E-03
   9628.00  2.2463322E-03
   9628.50  2.2841377E-03
   9629.00  2.3231500E-03
   9629.50  2.3634267E-03
   9630.00  2.4050292E-03
   9630.50  2.4480227E-03
   9631.00  2.4924770E-03
   9631.50  2.5384661E-03
   9632.00  2.5860696E-03
   9632.50  2.6353723E-03
   9633.00  2.6864649E-03
   9633.50  2.7394448E-03
   9634.00  2.7944164E-03
   9634.50  2.8514919E-03
   9635.00  2.9107919E-03
   9635.50  2.9724465E-03
   9636.00  3.0365956E-03
   9636.50  3.1033907E-03
   9637.00  3.1729955E-03
   9637.50  3.2455872E-03
   9638.00  3.3213581E-03
   9638.50  3.4005173E-03
   9639.00  3.4832923E-03
   9639.50  3.5699312E-03
   9640.00  3.6607050E-03
   9640.50  3.7559104E-03
   9641.00  3.8558729E-03
   9641.50  3.9609501E-03
   9642.00  4.0715363E-03
   9642.50  4.1880665E-03
   9643.00  4.3110226E-03
   9643.50  4.4409395E-03
   9644.00  4.5784124E-03
   9644.50  4.7241059E-03
   9645.00  4.8787641E-03
   9645.50  5.0432233E-03
   9646.00  5.2184263E-03
   9646.50  5.4054404E-03
   9647.00  5.6054783E-03
   9647.50  5.8199248E-03
   9648.00  6.0503679E-03
   9648.50  6.2986388E-03
   9649.00  6.5668607E-03
   9649.50  6.8575112E-03
   9650.00  7.1735013E-03
   9650.50  7.5182782E-03
   9651.00  7.8959597E-03
   9651.50  8.3115148E-03
   9652.00  8.7710089E-03
   9652.50  9.2819483E-03
   9653.00  9.8537748E-03
   9653.50  1.0498603E-02
   9654.00  1.1232369E-02
   9654.10  1.1391821E-02
   9654.20  1.1554674E-02
   9654.30  1.1721102E-02
   9654.40  1.1895978E-02
   9654.50  1.2076706E-02
   9654.60  1.2261622E-02
   9654.70  1.2450963E-02
   9654.80  1.2644990E-02
   9654.83  1.2702103E-02
   9654.93  1.2907206E-02
   9655.03  1.3119383E-02
   9655.13  1.3339068E-02
   9655.23  1.3566735E-02
   9655.33  1.3802909E-02
   9655.43  1.4048165E-02
   9655.53  1.4303147E-02
   9655.63  1.4568565E-02
   9655.73  1.4845218E-02
   9655.83  1.5133999E-02
   9655.93  1.5435915E-02
   9656.03  1.5752103E-02
   9656.13  1.6083856E-02
   9656.23  1.6432647E-02
   9656.33  1.6800162E-02
   9656.43  1.7188336E-02
   9656.53  1.7599393E-02
   9656.63  1.8035896E-02
   9656.73  1.8500795E-02
   9656.83  1.8997474E-02
   9656.93  1.9529785E-02
   9657.03  2.0102059E-02
   9657.13  2.0719048E-02
   9657.23  2.1385778E-02
   9657.33  2.2107219E-02
   9657.43  2.2887706E-02
   9657.53  2.3730049E-02
   9657.63  2.4634309E-02
   9657.73  2.5596456E-02
   9657.83  2.6607343E-02
   9657.93  2.7652728E-02
   9658.03  2.8715112E-02
   9658.13  2.9777210E-02
   9658.23  3.0824827E-02
   9658.33  3.1849248E-02
   9658.43  3.2848433E-02
   9658.53  3.3826134E-02
   9658.63  3.4790553E-02
   9658.73  3.5753585E-02
   9658.83  3.6729899E-02
   9658.93  3.7735154E-02
   9659.03  3.8785139E-02
   9659.13  3.9894245E-02
   9659.23  4.1074228E-02
   9659.33  4.2333654E-02
   9659.43  4.3678176E-02
   9659.53  4.5111477E-02
   9659.63  4.6636415E-02
   9659.73  4.8255731E-02
   9659.83  4.9971887E-02
   9659.93  5.1786175E-02
   9660.03  5.3697860E-02
   9660.13  5.5704156E-02
   9660.23  5.7801546E-02
   9660.33  5.9988323E-02
   9660.43  6.2267525E-02
   9660.53  6.4648708E-02
   9660.63  6.7146898E-02
   9660.73  6.9778203E-02
   9660.83  7.2553517E-02
   9660.93  7.5473140E-02
   9661.03  7.8525151E-02
   9661.13  8.1689264E-02
   9661.23  8.4946140E-02
   9661.33  8.8289879E-02
   9661.43  9.1739389E-02
   9661.53  9.5344048E-02
   9661.63  9.9181383E-02
   9661.73  1.0334791E-01
   9661.83  1.0794647E-01
   9661.93  1.1307348E-01
   9662.03  1.1880813E-01
   9662.13  1.2520416E-01
   9662.23  1.3228418E-01
   9662.33  1.4003642E-01
   9662.43  1.4841509E-01
   9662.53  1.5734633E-01
   9662.63  1.6674129E-01
   9662.73  1.7651627E-01
   9662.83  1.8661566E-01
   9662.93  1.9703017E-01
   9663.03  2.0780276E-01
   9663.13  2.1901834E-01
   9663.23  2.3078042E-01
   9663.33  2.4318233E-01
   9663.43  2.5628125E-01
   9663.53  2.7007926E-01
   9663.63  2.8451121E-01
   9663.73  2.9943656E-01
   9663.83  3.1463459E-01
   9663.93  3.2980599E-01
   9664.03  3.4451290E-01
   9664.13  3.5839681E-01
   9664.23  3.7125525E-01
   9664.33  3.8236509E-01
   9664.43  3.9216718E-01
   9664.53  3.9969506E-01
   9664.63  4.0598219E-01
   9664.73  4.1000791E-01
   9664.83  4.1303481E-01
   9665.03  4.1454439E-01
   9665.23  4.1197164E-01
   9665.43  4.0681856E-01
   9665.63  4.0056835E-01
   9665.83  3.9449095E-01
   9666.03  3.8941141E-01
   9666.23  3.8565863E-01
   9666.43  3.8321656E-01
   9666.63  3.8193197E-01
   9666.83  3.8165035E-01
   9667.03  3.8224269E-01
   9667.23  3.8355093E-01
   9667.43  3.8531574E-01
   9667.63  3.8716045E-01
   9667.83  3.8866134E-01
   9668.03  3.8946125E-01
   9668.23  3.8935186E-01
   9668.43  3.8828701E-01
   9668.63  3.8634282E-01
   9668.83  3.8366108E-01
   9669.03  3.8040203E-01
   9669.23  3.7671769E-01
   9669.43  3.7274667E-01
   9669.63  3.6862055E-01
   9669.83  3.6446743E-01
   9670.03  3.6040444E-01
   9670.23  3.5652425E-01
   9670.43  3.5288695E-01
   9670.63  3.4952322E-01
   9670.83  3.4644555E-01
   9671.03  3.4365972E-01
   9671.23  3.4117090E-01
   9671.43  3.3898283E-01
   9671.63  3.3709170E-01
   9671.83  3.3547758E-01
   9672.03  3.3409709E-01
   9672.23  3.3288032E-01
   9672.43  3.3173409E-01
   9672.63  3.3055147E-01
   9672.83  3.2922590E-01
   9673.03  3.2766679E-01
   9673.23  3.2581301E-01
   9673.43  3.2364135E-01
   9673.63  3.2116832E-01
   9673.83  3.1844533E-01
   9674.03  3.1554875E-01
   9674.23  3.1256763E-01
   9674.43  3.0959152E-01
   9674.63  3.0670064E-01
   9674.83  3.0395926E-01
   9675.03  3.0141250E-01
   9675.23  2.9908600E-01
   9675.43  2.9698759E-01
   9675.63  2.9511034E-01
   9675.83  2.9343608E-01
   9676.03  2.9193910E-01
   9676.23  2.9058956E-01
   9676.43  2.8935627E-01
   9676.63  2.8820899E-01
   9676.83  2.8711996E-01
   9677.03  2.8606492E-01
   9677.23  2.8502367E-01
   9677.43  2.8398029E-01
   9677.63  2.8292314E-01
   9677.83  2.8184461E-01
   9678.03  2.8074074E-01
   9678.23  2.7961075E-01
   9678.43  2.7845631E-01
   9678.63  2.7728094E-01
   9678.83  2.7608930E-01
   9679.03  2.7488538E-01
   9679.23  2.7366966E-01
   9679.43  2.7245960E-01
   9679.63  2.7125532E-01
   9679.83  2.7005652E-01
   9680.83  2.6420528E-01
   9681.83  2.5861987E-01
   9682.83  2.5335821E-01
   9683.83  2.4853528E-01
   9684.83  2.4425983E-01
   9685.83  2.4059391E-01
   9686.83  2.3757300E-01
   9687.83  2.3523714E-01
   9688.83  2.3364059E-01
   9689.83  2.3283638E-01
   9690.83  2.3284544E-01
   9691.83  2.3362564E-01
   9692.83  2.3505747E-01
   9693.83  2.3695771E-01
   9694.83  2.3911868E-01
   9695.83  2.4135387E-01
   9696.83  2.4352858E-01
   9697.83  2.4557020E-01
   9698.83  2.4746508E-01
   9699.83  2.4924927E-01
   9700.83  2.5099551E-01
   9701.83  2.5279618E-01
   9702.83  2.5474361E-01
   9703.83  2.5691158E-01
   9704.83  2.5934234E-01
   9705.83  2.6204141E-01
   9706.83  2.6497884E-01
   9707.83  2.6809453E-01
   9708.83  2.7130693E-01
   9709.83  2.7452556E-01
   9710.83  2.7766510E-01
   9711.83  2.8065662E-01
   9712.83  2.8345120E-01
   9713.83  2.8601604E-01
   9714.83  2.8832646E-01
   9715.83  2.9035831E-01
   9716.83  2.9208399E-01
   9717.83  2.9347329E-01
   9718.83  2.9449811E-01
   9719.83  2.9513874E-01
   9720.83  2.9538831E-01
   9721.83  2.9525429E-01
   9722.83  2.9475741E-01
   9723.83  2.9392953E-01
   9724.83  2.9281113E-01
   9725.83  2.9144828E-01
   9726.83  2.8988898E-01
   9727.83  2.8817932E-01
   9728.83  2.8635998E-01
   9729.83  2.8446405E-01
   9730.83  2.8251666E-01
   9731.83  2.8053660E-01
   9732.83  2.7853991E-01
   9733.83  2.7654465E-01
   9734.83  2.7457526E-01
   9735.83  2.7266479E-01
   9736.83  2.7085349E-01
   9737.83  2.6918385E-01
   9738.83  2.6769356E-01
   9739.83  2.6640876E-01
   9740.83  2.6533976E-01
   9741.83  2.6448016E-01
   9742.83  2.6380930E-01
   9743.83  2.6329688E-01
   9744.83  2.6290821E-01
   9745.83  2.6260880E-01
   9746.83  2.6236764E-01
   9747.83  2.6215939E-01
   9748.83  2.6196579E-01
   9749.83  2.6177636E-01
   9750.83  2.6158804E-01
   9751.83  2.6140388E-01
   9752.83  2.6123089E-01
   9753.83  2.6107782E-01
   9754.83  2.6095302E-01
   9755.83  2.6086266E-01
   9756.83  2.6080925E-01
   9757.83  2.6079088E-01
   9758.83  2.6080162E-01
